data/climate/sant/max_precip.asc
NCOLS 360 
NROWS 180 
XLLCORNER -180 
YLLCORNER -90 
CELLSIZE 1 
NODATA_value -9999 
[rows 56 to 83 of 180, columns 256 to 319 of 360]
0.583754524384858 0.602269279916072 0.620784035447286 0.628198135003913 0.631912015902344 0.635625896800775 0.639339777699206 0.648390089452732 0.657440401206259 0.666490712959785 0.674706120102201 0.680416813411284 0.686127506720368 0.691838200029451 0.763500085857231 0.901113164203707 1.03872624255018 1.17633932089666 1.32025845441967 1.46627960633487 1.61230075825006 1.75832191016525 2.02559067774564 2.29285944532603 2.56012821290642 2.72014223132282 2.55839200224727 2.39664177317172 2.23489154409617 2.12480826303363 2.06639192998409 2.00797559693456 1.94955926388502 1.984459890984 2.05046617146581 2.11647245194763 2.18247873242944 2.15369986183941 2.12492099124938 2.09614212065935 -9999 -9999 -9999 -9999 -9999 -9999 -9999 -9999 -9999 -9999 -9999 -9999 -9999 -9999 -9999 -9999 -9999 -9999 -9999 -9999 -9999 -9999 -9999 -9999
0.425281059433473 0.507318795280298 0.589356531127123 0.598953520820942 0.584403595130425 0.569853669439908 0.555303743749391 0.533935118874069 0.512566493998747 0.491197869123425 0.479520955996122 0.496919178112876 0.514317400229629 0.531715622346383 0.640989530074876 0.842139123415109 1.04328871675534 1.24443831009557 1.40962063567713 1.56281387200579 1.71600710833445 1.86920034466311 2.09788012085482 2.32655989704654 2.55523967323825 2.67573975725099 2.47170076472685 2.2676617722027 2.06362277967855 1.9783664192073 2.01189269078895 2.0454189623706 2.07894523395225 2.19269379973412 2.33318313024938 2.47367246076465 2.61416179127991 2.77307173702866 2.9319816827774 3.09089162852615 -9999 -9999 -9999 -9999 -9999 -9999 -9999 -9999 -9999 -9999 -9999 -9999 -9999 -9999 -9999 -9999 -9999 -9999 -9999 -9999 -9999 -9999 -9999 -9999
0.471137817279669 0.525658077240223 0.580178337200778 0.595300103828777 0.597289039345924 0.599277974863071 0.601266910380218 0.574219822708983 0.547172735037748 0.520125647366513 0.499780628888402 0.499541817989666 0.49930300709093 0.499064196192194 0.581908896623645 0.747837108385283 0.913765320146922 1.07969353190856 1.19083270803094 1.28370887227356 1.37658503651619 1.46946120075881 1.85609078407288 2.24272036738694 2.629349950701 2.87462199339643 2.69582141423598 2.51702083507553 2.33822025591508 2.25280882185325 2.26078653289005 2.26876424392685 2.27674195496365 2.44116743188351 2.65774216409773 2.87431689631194 3.09089162852615 3.1226736176759 3.15445560682565 3.1862375959754 -9999 -9999 -9999 -9999 -9999 -9999 -9999 -9999 -9999 -9999 -9999 -9999 -9999 -9999 -9999 -9999 -9999 -9999 -9999 -9999 -9999 -9999 -9999 -9999
0.516994575125864 0.543997359200148 0.571000143274432 0.591646686836611 0.610174483561423 0.628702280286234 0.647230077011045 0.614504526543897 0.581778976076748 0.5490534256096 0.520040301780682 0.502164457866456 0.484288613952231 0.466412770038005 0.522828263172414 0.653535093355458 0.784241923538502 0.914948753721546 0.972044780384749 1.00460387254134 1.03716296469793 1.06972205685452 1.61430144729093 2.15888083772734 2.70346022816375 3.07350422954187 2.91994206374511 2.76637989794835 2.6128177321516 2.5272512244992 2.50968037499115 2.4921095254831 2.47453867597505 2.68964106403291 2.98230119794607 3.27496133185923 3.56762146577239 3.47227549832314 3.37692953087389 3.28158356342465 -9999 -9999 -9999 -9999 -9999 -9999 -9999 -9999 -9999 -9999 -9999 -9999 -9999 -9999 -9999 -9999 -9999 -9999 -9999 -9999 -9999 -9999 -9999 -9999
0.559707526001148 0.56591093481984 0.572114343638532 0.597971104667522 0.630378983099945 0.662786861532368 0.695194739964791 0.660344559350051 0.625494378735311 0.590644198120572 0.559174817288294 0.537847835803404 0.516520854318514 0.495193872833624 0.534327126340941 0.633920614840463 0.733514103339985 0.833107591839507 0.889105781447142 0.930572204757482 0.972038628067821 1.01350505137816 1.50075747957453 1.9880099077709 2.47526233596727 2.83539087278768 2.81414773548022 2.79290459817275 2.77166146086529 2.74522771686316 2.71360336616635 2.68197901546955 2.65035466477275 3.02486472856253 3.53475293051451 4.0446411324665 4.55452933441848 4.85394651442766 5.15336369443685 5.45278087444603 -9999 -9999 -9999 -9999 -9999 -9999 -9999 -9999 -9999 -9999 -9999 -9999 -9999 -9999 -9999 -9999 -9999 -9999 -9999 -9999 -9999 -9999 -9999 -9999
0.599276669905521 0.591398804099299 0.583520938293077 0.614273357321508 0.65790253796149 0.701531718601473 0.745160899241455 0.711739921127446 0.678318943013437 0.644897964899428 0.617184175411239 0.60659195180051 0.595999728189781 0.585407504579052 0.616405486129224 0.688993672840297 0.76158185955137 0.834170046262443 0.942015711218119 1.061613868922 1.18121202662587 1.30081018432975 1.51545888092369 1.73010757751763 1.94475627411157 2.16028192313388 2.3784384294413 2.59659493574873 2.81475144205615 2.90673829894513 2.87255550641567 2.8383727138862 2.80418992135674 3.44683842547238 4.31509736180305 5.18335629813373 6.05161523446441 5.95180950779468 5.85200378112495 5.75219805445522 -9999 -9999 -9999 -9999 -9999 -9999 -9999 -9999 -9999 -9999 -9999 -9999 -9999 -9999 -9999 -9999 -9999 -9999 -9999 -9999 -9999 -9999 -9999 -9999
0.638845813809894 0.616886673378758 0.594927532947622 0.630575609975494 0.685426092823036 0.740276575670578 0.795127058518119 0.763135282904841 0.731143507291563 0.699151731678285 0.675193533534184 0.675336067797616 0.675478602061048 0.67562113632448 0.698483845917508 0.744066730840132 0.789649615762755 0.835232500685379 0.994925640989095 1.19265553308651 1.39038542518392 1.58811531728134 1.53016028227285 1.47220524726436 1.41425021225587 1.48517297348008 1.94272912340239 2.4002852733247 2.85784142324701 3.0682488810271 3.03150764666498 2.99476641230285 2.95802517794073 3.86881212238222 5.0954417930916 6.32207146380097 7.54870113451034 7.43203501682729 7.31536889914423 7.19870278146118 -9999 -9999 -9999 -9999 -9999 -9999 -9999 -9999 -9999 -9999 -9999 -9999 -9999 -9999 -9999 -9999 -9999 -9999 -9999 -9999 -9999 -9999 -9999 -9999
0.723524367786013 0.727329437504523 0.731134507223032 0.754350002738647 0.78403564018663 0.813721277634613 0.843406915082596 0.824696030351333 0.80598514562007 0.787274260888807 0.78388295439072 0.826450382592157 0.869017810793594 0.911585238995031 0.941664184676483 0.959254647837952 0.97684511099942 0.994435574160889 1.09439057623968 1.22180042462423 1.34921027300879 1.47662012139335 1.50355794047937 1.53049575956538 1.5574335786514 1.72717068856582 2.32530567096546 2.92344065336511 3.52157563576475 3.82492664828897 3.83349369093776 3.84206073358655 3.85062777623534 4.52195618581027 5.41420505102724 6.30645391624421 7.19870278146118 7.17536955792457 7.15203633438796 7.12870311085135 -9999 -9999 -9999 -9999 -9999 -9999 -9999 -9999 -9999 -9999 -9999 -9999 -9999 -9999 -9999 -9999 -9999 -9999 -9999 -9999 -9999 -9999 -9999 -9999
0.808202921762131 0.837772201630287 0.867341481498443 0.8781243955018 0.882645187550224 0.887165979598649 0.891686771647073 0.886256777797826 0.880826783948578 0.87539679009933 0.892572375247255 0.977564697386697 1.06255701952614 1.14754934166558 1.18484452343546 1.17444256483577 1.16404060623609 1.1536386476364 1.19385551149026 1.25094531616196 1.30803512083367 1.36512492550537 1.47695559868589 1.58878627186641 1.70061694504693 1.96916840365157 2.70788221852854 3.44659603340551 4.18530984828249 4.58160441555083 4.63547973521054 4.68935505487025 4.74323037452996 5.17510024923831 5.73296830896288 6.29083636868745 6.84870442841202 6.91870409902185 6.98870376963168 7.05870344024152 -9999 -9999 -9999 -9999 -9999 -9999 -9999 -9999 -9999 -9999 -9999 -9999 -9999 -9999 -9999 -9999 -9999 -9999 -9999 -9999 -9999 -9999 -9999 -9999
0.964274539262988 1.03696415957529 1.10965377988759 1.1577028837055 1.19753848202527 1.23737408034503 1.2772096786648 1.27017938252538 1.26314908638597 1.25611879024655 1.26693866844289 1.33130906964652 1.39567947085015 1.46004987205379 1.50807836581953 1.53976495214738 1.57145153847523 1.60313812480308 1.55908673303202 1.48978934856132 1.42049196409062 1.35119457961991 1.63346640067175 1.91573822172359 2.19801004277542 2.59191975742579 3.32074315287173 4.04956654831767 4.77838994376361 5.20027745794505 5.31522909086198 5.4301807237789 5.54513235669583 5.79383726231754 6.08712659217417 6.38041592203081 6.67370525188744 6.67370525188744 -9999 -9999 -9999 -9999 -9999 -9999 -9999 -9999 -9999 -9999 -9999 -9999 -9999 -9999 -9999 -9999 -9999 -9999 -9999 -9999 -9999 -9999 -9999 -9999 -9999 -9999
1.19173922028858 1.32490531133953 1.45807140239049 1.59308546734974 1.72871552361175 1.86434557987377 1.99997563613579 1.97646384453401 1.95295205293223 1.92944026133046 1.90698183397762 1.88768349937163 1.86838516476564 1.84908683015965 1.91136571182869 2.05522180977277 2.19907790771686 2.34293400566094 2.19008424086496 1.9383325218223 1.68658080277964 1.43482908373699 1.97309034643695 2.51135160913691 3.04961287183687 3.59542474988848 4.16388847399503 4.73235219810158 5.30081592220813 5.68094577547163 5.87274175789207 6.06453774031252 6.25633372273296 6.37816722504795 6.47667990066111 6.57519257627428 -9999 -9999 -9999 -9999 -9999 -9999 -9999 -9999 -9999 -9999 -9999 -9999 -9999 -9999 -9999 -9999 -9999 -9999 -9999 -9999 -9999 -9999 -9999 -9999 -9999 -9999 -9999 -9999
1.41920390131418 1.61284646310378 1.80648902489338 2.02846805099398 2.25989256519824 2.49131707940251 2.72274159360677 2.68274830654263 2.6427550194785 2.60276173241436 2.54702499951236 2.44405792909674 2.34109085868113 2.23812378826551 2.31465305783786 2.57067866739817 2.82670427695848 3.08272988651879 2.82108174869791 2.38687569508329 1.95266964146867 1.51846358785406 2.31271429220214 3.10696499655023 3.90121570089832 4.59892974235117 5.00703379511833 5.41513784788549 5.82324190065265 6.16161409299821 6.43025442492217 6.69889475684613 6.96753508877009 7.03469517175108 7.03469517175108 -9999 -9999 -9999 -9999 -9999 -9999 -9999 -9999 -9999 -9999 -9999 -9999 -9999 -9999 -9999 -9999 -9999 -9999 -9999 -9999 -9999 -9999 -9999 -9999 -9999 -9999 -9999 -9999 -9999
1.75043951289263 1.95502214308362 2.15960477327462 2.48625678196549 2.85359858348966 3.22094038501382 3.58828218653798 3.93151358608156 4.27474498562515 4.61797638516873 4.83999389153905 4.69836971838959 4.55674554524012 4.41512137209065 4.22233245684765 3.97837879951112 3.73442514217459 3.49047148483805 3.33388629974797 3.20642393874004 3.07896157773212 2.95149921672419 3.18575564073399 3.42001206474379 3.65426848875359 4.02070686779916 4.78369111195207 5.54667535610497 6.30965960025787 6.73695751558989 6.82856910210103 6.92018068861216 7.0117922751233 7.03469517175108 7.03469517175108 -9999 -9999 -9999 -9999 -9999 -9999 -9999 -9999 -9999 -9999 -9999 -9999 -9999 -9999 -9999 -9999 -9999 -9999 -9999 -9999 -9999 -9999 -9999 -9999 -9999 -9999 -9999 -9999 -9999
2.08167512447108 2.29719782306347 2.51272052165587 2.94404551293701 3.44730460178107 3.95056369062513 4.45382277946919 5.18027886562049 5.9067349517718 6.6331910379231 7.13296278356574 6.95268150768243 6.77240023179911 6.59211895591579 6.13001185585745 5.38607893162407 4.64214600739069 3.89821308315732 3.84669085079804 4.0259721823968 4.20525351399556 4.38453484559432 4.05879698926583 3.73305913293734 3.40732127660885 3.44248399324715 4.5603484287858 5.67821286432445 6.7960772998631 7.31230093818158 7.22688377927989 7.1414666203782 7.0560494614765 -9999 -9999 -9999 -9999 -9999 -9999 -9999 -9999 -9999 -9999 -9999 -9999 -9999 -9999 -9999 -9999 -9999 -9999 -9999 -9999 -9999 -9999 -9999 -9999 -9999 -9999 -9999 -9999 -9999 -9999 -9999
2.40674911625683 2.73404597304761 3.0613428298384 3.55633338075131 4.10722182970494 4.65811027865857 5.2089987276122 6.27493665274233 7.34087457787246 8.40681250300258 9.21296446211636 9.23975852318108 9.2665525842458 9.29334664531052 8.78093066252768 7.72930463589728 6.67767860926688 5.62605258263648 5.2257316885516 5.04251250531524 4.85929332207888 4.67607413884252 4.50801416393369 4.33995418902487 4.17189421411604 4.26767253689468 5.15496575273573 6.04225896857679 6.92955218441784 7.31045086774975 7.18495501857251 7.05945916939527 6.93396332021803 -9999 -9999 -9999 -9999 -9999 -9999 -9999 -9999 -9999 -9999 -9999 -9999 -9999 -9999 -9999 -9999 -9999 -9999 -9999 -9999 -9999 -9999 -9999 -9999 -9999 -9999 -9999 -9999 -9999 -9999 -9999
2.7256614882499 3.26556659303606 3.80547169782221 4.3231203854084 4.83335026726127 5.34358014911413 5.853810030967 7.21548694744706 8.57716386392713 9.93884078040719 11.0799989271909 11.5596007648855 12.0392026025802 12.5188044402748 12.1750888768584 11.0080559123307 9.84102294780314 8.67398998327553 7.47100881300867 6.25604490749538 5.04108100198209 3.82611709646881 4.53340716473758 5.24069723300636 5.94798730127513 6.49627249874175 6.56754308380187 6.63881366886199 6.7100842539221 6.76663552131504 6.80846747104079 6.85029942076653 6.89213137049228 -9999 -9999 -9999 -9999 -9999 -9999 -9999 -9999 -9999 3.98926120251417 3.98926120251417 3.98926120251417 3.98926120251417 -9999 -9999 -9999 -9999 -9999 -9999 -9999 -9999 -9999 -9999 -9999 -9999 -9999 -9999 -9999 -9999 -9999 -9999
-9999 4.73772890400141 4.73772890400141 5.08990739006549 5.55947870481759 6.02905001956969 6.4986213343218 8.1560372421518 9.8134531499818 11.4708690578118 12.9470333922654 13.87944300659 14.8118526209146 15.7442622352391 15.569247091189 14.2868071887642 13.0043672863394 11.7219273839146 9.71628593746573 7.46957730967551 5.2228686818853 2.97616005409509 4.55880016554147 6.14144027698785 7.72408038843423 8.72487246058881 7.980120414868 7.23536836914718 6.49061632342637 6.47621705196798 7.19217055477202 7.90812405757606 8.6240775603801 -9999 -9999 -9999 -9999 -9999 -9999 -9999 5.70410756394267 5.21415146067739 4.7241953574121 4.23423925414681 4.23423925414681 4.7241953574121 5.21415146067739 5.70410756394267 -9999 -9999 -9999 -9999 -9999 -9999 -9999 -9999 -9999 -9999 -9999 -9999 -9999 -9999 -9999 -9999
-9999 4.73772890400141 4.73772890400141 5.08990739006549 5.55947870481759 6.02905001956969 6.4986213343218 8.29296495113522 10.0873085679486 11.8816521847621 13.5298565570265 14.739643195644 15.9494298342615 17.1592164728791 17.2256513033062 16.148734325543 15.0718173477799 13.9949003700167 12.5143646551296 10.8992893612012 9.28421406727284 7.66913877334446 7.50064645987004 7.33215414639562 7.16366183292121 7.00116436555982 6.8566514365375 6.71213850751519 6.56762557849288 6.80306202359498 7.41844784282148 8.03383366204798 8.64921948127449 -9999 -9999 -9999 -9999 -9999 -9999 -9999 5.80209878459573 5.70410756394267 5.60611634328961 5.50812512263656 5.50812512263656 5.60611634328961 5.70410756394267 5.80209878459573 -9999 -9999 -9999 -9999 -9999 -9999 -9999 -9999 -9999 -9999 -9999 -9999 -9999 -9999 -9999 -9999
-9999 -9999 -9999 5.08990739006549 5.55947870481759 6.02905001956969 6.4986213343218 8.42989266011864 10.3611639859155 12.2924353117123 14.1126797217876 15.599843384698 17.0870070476085 18.574170710519 18.8820555154234 18.0106614623219 17.1392674092203 16.2678733561188 15.3124433727935 14.3290014127269 13.3455594526604 12.3621174925938 10.4424927541986 8.5228680158034 6.60324327740818 5.27745627053082 5.73318245820701 6.1889086458832 6.64463483355939 7.12990699522197 7.64472513087094 8.1595432665199 8.67436140216887 8.80306593608111 8.80306593608111 -9999 -9999 -9999 -9999 -9999 5.90009000524879 6.19406366720796 6.48803732916713 6.7820109911263 6.7820109911263 6.48803732916713 6.19406366720796 5.90009000524879 -9999 -9999 -9999 -9999 -9999 -9999 -9999 -9999 -9999 -9999 -9999 -9999 -9999 -9999 -9999 -9999
-9999 -9999 -9999 -9999 -9999 -9999 -9999 -9999 13.9976282604039 13.9976282604039 14.4040913041681 16.029943479225 17.655795654282 19.2816478293389 19.8894207011908 19.4791142698377 19.0688078384846 18.6585014071316 17.6712367292494 16.4916526358575 15.3120685424656 14.1324844490737 11.8256265129894 9.51876857690513 7.21191064082086 5.56604469381273 5.90315471403301 6.24026473425329 6.57737475447357 6.99655778892338 7.49781383760273 7.99906988628209 8.50032593496144 8.57241215044633 8.50144175486639 8.43047135928646 -9999 -9999 -9999 -9999 8.79915213212371 8.60994877293706 8.42074541375041 8.23154205456376 7.80179978348315 7.13151860050857 6.46123741753399 5.79095623455942 -9999 -9999 -9999 -9999 -9999 -9999 -9999 -9999 -9999 -9999 -9999 -9999 -9999 -9999 -9999 -9999
-9999 -9999 -9999 -9999 -9999 -9999 -9999 -9999 -9999 -9999 14.4040913041681 16.029943479225 17.655795654282 19.2816478293389 20.2477468606085 20.5540927480906 20.8604386355728 21.166784523055 19.5907447244972 17.3872430305928 15.1837413366884 12.980239642784 11.6500477362424 10.3198558297008 8.98966392315924 7.86692963540554 7.36656820401549 6.86620677262545 6.3658453412354 6.40301440469921 6.97771396301687 7.55241352133453 8.12711307965219 8.28853056812659 8.31218736665323 8.33584416517988 -9999 -9999 -9999 -9999 8.86221991851926 8.92528770491481 8.98835549131036 9.05142327770591 8.62168100662529 7.69912867806852 6.77657634951174 5.85402402095497 5.62338593881577 5.62338593881577 -9999 -9999 -9999 -9999 -9999 -9999 -9999 -9999 -9999 -9999 -9999 -9999 -9999 -9999
5.68364838603884 5.44073295313865 5.19781752023846 5.1879655988887 5.25580151472241 5.32363743055612 -9999 -9999 -9999 -9999 -9999 -9999 -9999 -9999 -9999 -9999 23.9308171905577 23.9308171905577 21.510252719745 18.2828334253281 15.0554141309112 11.8279948364943 11.4744689594954 11.1209430824965 10.7674172054976 10.1678145769984 8.82998169399798 7.49214881099761 6.15431592799723 5.80947102047503 6.457614088431 7.10575715638697 7.75390022434294 7.91593599133193 7.91593599133193 -9999 -9999 -9999 -9999 -9999 7.60639679152519 8.29856169875711 8.99072660598904 9.68289151322097 9.44156222976744 8.26673875562847 7.09191528148949 5.91709180735052 5.77303308527917 5.97256261389703 6.17209214251488 -9999 -9999 -9999 -9999 -9999 -9999 -9999 -9999 -9999 -9999 -9999 -9999 -9999
5.68364838603884 5.44073295313865 5.19781752023846 5.1879655988887 5.25580151472241 5.32363743055612 -9999 -9999 -9999 -9999 -9999 -9999 -9999 -9999 -9999 -9999 23.9308171905577 23.9308171905577 21.87235747464 19.1277445200831 16.3831315655261 13.6385186109692 12.3721769247204 11.1058352384716 9.83949355222285 8.69156316295266 7.89886666461825 7.10617016628385 6.31347366794944 6.18363349512219 6.71664964780211 7.24966580048203 7.78268195316195 7.91593599133193 7.91593599133193 -9999 -9999 -9999 -9999 -9999 7.4679638100788 7.60639679152519 7.74482977297157 7.88326275441796 7.72174528241158 7.26027735695243 6.79880943149328 6.33734150603414 6.25190395396203 6.2918098596856 6.33171576540917 -9999 -9999 -9999 -9999 -9999 -9999 -9999 -9999 -9999 -9999 -9999 -9999 -9999
5.68364838603884 5.44073295313865 5.19781752023846 5.1879655988887 5.25580151472241 5.32363743055612 5.39147334638983 5.39147334638983 -9999 -9999 -9999 -9999 -9999 -9999 -9999 -9999 -9999 -9999 22.234462229535 19.972655614838 17.710849000141 15.449042385444 13.2698848899454 11.0907273944467 8.91156989894807 7.21531174890697 6.96775163523853 6.72019152157009 6.47263140790164 6.55779596976936 6.97568520717323 7.3935744445771 7.81146368198097 -9999 -9999 -9999 -9999 -9999 -9999 -9999 7.32953082863241 6.91423188429326 6.4989329399541 6.08363399561495 6.00192833505571 6.25381595827639 6.50570358149707 6.75759120471776 6.73077482264489 6.61105710547417 6.49133938830346 -9999 -9999 -9999 -9999 -9999 -9999 -9999 -9999 -9999 -9999 -9999 -9999 -9999
5.68364838603884 5.44073295313865 5.19781752023846 5.1879655988887 5.25580151472241 5.32363743055612 5.39147334638983 5.91391033027321 6.43634731415659 6.95878429803997 7.17490358278155 6.47206977009773 5.76923595741391 5.06640214473009 -9999 -9999 -9999 -9999 -9999 -9999 16.3543042726815 16.3543042726815 14.057335305959 11.7603663392365 9.46339737251401 7.662273558788 7.34868520405143 7.03509684931487 6.7215084945783 6.56471431721002 6.56471431721002 -9999 -9999 -9999 -9999 -9999 -9999 -9999 -9999 -9999 5.72645925823599 5.57833890896291 5.43021855968982 5.28209821041673 5.46294728480279 5.972765782848 6.48258428089321 6.99240277893841 7.11985740344971 7.11985740344971 -9999 -9999 -9999 -9999 -9999 -9999 -9999 -9999 -9999 -9999 -9999 -9999 -9999 -9999
5.68364838603884 5.44073295313865 5.19781752023846 5.1879655988887 5.25580151472241 5.32363743055612 5.39147334638983 5.91391033027321 6.43634731415659 6.95878429803997 7.17490358278155 6.47206977009773 5.76923595741391 5.06640214473009 4.71498523838818 4.71498523838818 -9999 -9999 -9999 -9999 -9999 16.3543042726815 14.7345281727612 13.1147520728409 11.4949759729207 10.0324485925958 9.04166737105697 8.05088614951819 7.06010492797941 -9999 -9999 -9999 -9999 -9999 -9999 -9999 -9999 -9999 -9999 -9999 5.77583270799369 5.82520615775138 5.87457960750908 5.92395305726677 6.10480213165283 6.41712683066726 6.72945152968168 7.04177622869611 -9999 -9999 -9999 -9999 -9999 -9999 -9999 -9999 -9999 -9999 -9999 -9999 -9999 -9999 -9999 -9999
-9999 -9999 -9999 -9999 -9999 -9999 -9999 -9999 7.35061203595251 7.35061203595251 7.17490358278155 6.47206977009773 5.76923595741391 5.06640214473009 5.13737104833126 5.98214266821742 6.82691428810358 7.67168590798974 8.27728951815516 8.80317045841366 9.32905139867216 9.85493233893067 10.6455149548128 11.436097570695 12.2266801865771 12.8196171484888 12.8196171484888 -9999 -9999 -9999 -9999 -9999 -9999 -9999 -9999 -9999 -9999 -9999 -9999 -9999 7.44783477857709 7.23109384998679 7.01435292139649 6.7976119928062 6.63518412038684 6.52706930413842 6.41895448789001 6.31083967164159 6.87059502582997 7.65297377016395 8.43535251449794 -9999 -9999 -9999 -9999 -9999 -9999 -9999 -9999 -9999 -9999 -9999 -9999 -9999
-9999 -9999 -9999 -9999 -9999 -9999 -9999 -9999 7.35061203595251 7.35061203595251 7.17490358278155 6.47206977009773 5.76923595741391 5.06640214473009 5.13737104833126 5.98214266821742 6.82691428810358 7.67168590798974 8.27728951815516 8.80317045841366 9.32905139867216 9.85493233893067 10.6455149548128 11.436097570695 12.2266801865771 12.8196171484888 12.8196171484888 -9999 -9999 -9999 -9999 -9999 -9999 -9999 -9999 -9999 -9999 -9999 -9999 -9999 7.49118296429515 7.44783477857709 7.40448659285903 7.36113840714097 7.19871053472161 6.91720297560096 6.6356954164803 6.35418785735965 6.87059502582997 7.65297377016395 8.43535251449794 -9999 -9999 -9999 -9999 -9999 -9999 -9999 -9999 -9999 -9999 -9999 -9999 -9999
