data/climate/sant/max_precip.asc
NCOLS 360 
NROWS 180 
XLLCORNER -180 
YLLCORNER -90 
CELLSIZE 1 
NODATA_value -9999 
[rows 28 to 55 of 180, columns 192 to 255 of 360]
-9999 -9999 -9999 -9999 -9999 -9999 -9999 2.56234233034775 2.84338695695624 3.12443158356473 -9999 -9999 -9999 -9999 -9999 -9999 -9999 -9999 -9999 -9999 -9999 -9999 -9999 -9999 -9999 -9999 -9999 -9999 -9999 -9999 -9999 -9999 -9999 3.6108520324342 3.49411458475515 3.37737713707611 3.26063968939707 3.17196755670011 3.09265052899718 3.01333350129426 -9999 -9999 -9999 -9999 -9999 -9999 -9999 -9999 -9999 -9999 -9999 -9999 3.02459565689787 3.00657154759392 2.98854743828997 2.97052332898602 3.15010862192139 3.32969391485676 3.50927920779213 3.63862413167953 3.61724794842303 3.59587176516652 3.57449558191001 3.46858326159418
-9999 -9999 -9999 -9999 -9999 2.35155886039138 2.35155886039138 2.56234233034775 2.84338695695624 3.12443158356473 3.40547621017322 3.40547621017322 -9999 -9999 -9999 -9999 -9999 -9999 -9999 -9999 -9999 -9999 -9999 -9999 -9999 -9999 -9999 -9999 -9999 -9999 -9999 3.66922075627372 3.66922075627372 3.6108520324342 3.49411458475515 3.37737713707611 3.26063968939707 3.17196755670011 3.09265052899718 3.01333350129426 2.93401647359133 2.93401647359133 -9999 -9999 -9999 -9999 -9999 -9999 -9999 -9999 -9999 -9999 3.07866798480973 3.13274031272158 3.18681264063343 3.24088496854529 3.34810392698273 3.45532288542017 3.56254184385762 3.64853609260172 3.67085621226579 3.69317633192986 3.71549645159394 3.65411984827369
-9999 -9999 -9999 2.70796556398273 2.79552084580064 2.88307612761855 2.97063140943646 3.05497506866232 3.13824818702415 3.22152130538598 3.30479442374781 3.31934991711751 3.3339054104872 3.3484609038569 3.34304020972922 3.27769095310941 3.2123416964896 3.14699243986979 -9999 -9999 -9999 -9999 -9999 -9999 -9999 -9999 -9999 -9999 -9999 3.58672669809312 3.59503443818539 3.60334217827767 3.61164991836995 3.64222270902246 3.69506055023521 3.74789839144796 3.80073623266071 3.63795984908938 3.4033120572567 3.16866426542401 2.93401647359133 2.93401647359133 -9999 -9999 -9999 -9999 -9999 -9999 -9999 -9999 -9999 -9999 3.48975631780922 3.46908531244844 3.44841430708766 3.42774330172688 3.50496475305408 3.58218620438129 3.65940765570849 3.72804551851004 3.77093261573464 3.81381971295923 3.85670681018382 3.8330844361335
-9999 2.66418792307377 2.66418792307377 2.87888859584928 3.30828994140029 3.7376912869513 4.16709263250232 4.04024054529145 3.72797064715996 3.41570074902847 3.10343085089698 3.1716832970269 3.23993574315682 3.30818818928674 3.34304020972922 3.27769095310941 3.2123416964896 3.14699243986979 3.11431781155989 3.11431781155989 -9999 -9999 -9999 -9999 -9999 -9999 -9999 3.58464976307005 3.58464976307005 3.5796044357121 3.55942312628031 3.53924181684852 3.51906050741673 3.704964062199 4.09695248119533 4.48894090019166 4.880929319188 4.56994443386793 4.02463511377573 3.47932579368353 -9999 -9999 -9999 -9999 -9999 -9999 -9999 -9999 -9999 -9999 -9999 -9999 3.51042732317001 3.51731765829027 3.52420799341053 3.53109832853079 3.62069110013545 3.7102838717401 3.79987664334476 3.87715240940452 3.91747715882957 3.95780190825462 3.99812665767968 4.0054770251736
4.00583243463188 3.46917463000864 2.93251682538539 3.04981162771583 3.82105903699994 4.59230644628406 5.36355385556817 5.02550602192059 4.31769310729578 3.60988019267097 2.90206727804616 3.0240166769363 3.14596607582644 3.26791547471657 3.34304020972922 3.27769095310941 3.2123416964896 3.14699243986979 3.11431781155989 3.11431781155989 -9999 -9999 -9999 -9999 -9999 4.25289856502786 4.07469888450578 3.89649920398369 3.71829952346161 3.57248217333108 3.52381181437522 3.47514145541936 3.4264710964635 3.76770541537553 4.49884441215545 5.22998340893537 5.96112240571529 5.57305158348754 4.81191082159057 4.0507700596936 -9999 -9999 -9999 -9999 -9999 -9999 -9999 -9999 -9999 -9999 -9999 -9999 -9999 -9999 3.6344533553347 3.6344533553347 3.73641744721681 3.83838153909892 3.94034563098103 4.02625930029899 4.0640217019245 4.10178410355002 4.13954650517553 4.17786961421371
4.54249023925513 4.43515867833048 4.32782711740583 4.32616169191897 4.43016240186989 4.53416311182082 4.63816382177174 4.35458215652034 3.94180636620149 3.52903057588264 3.1162547855638 3.32686275942251 3.53747073328122 3.74807870713994 3.85325356246904 3.64212906220928 3.43100456194952 3.21988006168976 3.11431781155989 3.11431781155989 -9999 -9999 -9999 -9999 -9999 4.25289856502786 4.06879403488711 3.88468950474635 3.70058497460559 3.59815193619579 3.74073337297887 3.88331480976194 4.02589624654502 4.2530201068148 4.5646863905713 4.87635267432779 5.18801895808429 4.87067428277805 4.34365928778425 3.81664429279044 -9999 -9999 -9999 -9999 -9999 -9999 -9999 -9999 -9999 -9999 -9999 -9999 -9999 -9999 3.6344533553347 3.6344533553347 3.75858479831368 3.88271624129266 4.00684768427163 4.09814624860883 4.09094617702067 4.08374610543251 4.07654603384435 4.07493822555989
5.07914804387838 5.40114272665232 5.72313740942627 5.60251175612211 5.03926576673985 4.47601977735758 3.91277378797531 3.68365829112008 3.5659196251072 3.44818095909432 3.33044229308143 3.62970884190872 3.92897539073601 4.2282419395633 4.36346691520885 4.00656717130914 3.64966742740944 3.29276768350974 -9999 -9999 -9999 -9999 -9999 -9999 4.25289856502786 4.25289856502786 4.06288918526843 3.872879805509 3.68287042574957 3.6238216990605 3.95765493158251 4.29148816410452 4.62532139662653 4.73833479825407 4.63052836898714 4.52272193972021 4.41491551045328 4.16829698206857 3.87540775397792 3.58251852588728 3.28962929779664 3.28962929779664 -9999 -9999 -9999 -9999 -9999 -9999 -9999 -9999 -9999 -9999 -9999 -9999 -9999 3.6344533553347 3.78075214941055 3.92705094348639 4.07334973756224 4.17003319691867 4.11787065211684 4.065708107315 4.01354556251317 3.97200683690608
6.99135341914371 6.64612195501104 6.30089049087837 5.75461964914575 5.00730942981318 4.2599992104806 3.51268899114802 3.41172811249271 3.52621701406315 3.64070591563359 3.75519481720403 3.9769034315832 4.19861204596236 4.42032066034153 4.53290885221213 4.31813577655703 4.10336270090193 3.88858962524682 3.85904284659773 4.01472236495465 4.17040188331157 4.32608140166849 4.320534740109 4.26124601857737 4.20195729704574 4.14266857551411 4.04148881183937 3.94030904816464 3.8391292844899 3.8491146331653 4.19259531889111 4.53607600461692 4.87955669034272 4.97371479123831 4.81855030730367 4.66338582336903 4.50822133943439 4.21651677181944 3.87929884297773 3.54208091413602 3.20486298529431 3.17095646029338 3.13704993529245 3.10314341029152 -9999 -9999 -9999 -9999 -9999 -9999 -9999 -9999 -9999 -9999 -9999 4.26229284494184 4.25626800837927 4.25024317181669 4.24421833525412 4.23564146691933 4.21940850326791 4.2031755396165 4.18694257596508 4.1612512213178
6.61745561985299 5.97310591628775 5.32875621272251 4.78248537098989 4.33429339108989 3.88610141118988 3.43790943128988 3.53879162063822 3.82269853306934 4.10660544550046 4.39051235793158 4.36844652844593 4.34638069896027 4.32431486947462 4.27266133669764 4.13224469404668 3.99182805139571 3.85141140874475 3.85904284659773 4.01472236495465 4.17040188331157 4.32608140166849 4.27644274430349 4.1583646950312 4.0402866457589 3.9222085964866 4.00459291459993 4.08697723271325 4.16936155082658 4.27403073851019 4.44555453490466 4.61707833129913 4.78860212769359 4.95916008576751 5.12875220552087 5.29834432527423 5.46793644502759 5.01533365203068 4.35533255478367 3.69533145753667 3.03533036028966 3.04663253528997 3.05793471029028 3.06923688529059 -9999 -9999 -9999 -9999 -9999 -9999 -9999 -9999 -9999 -9999 -9999 4.26229284494184 4.26430112379603 4.26630940265022 4.26831768150441 4.29497105861083 4.39555973047391 4.49614840233698 4.59673707420006 4.64267137879506
6.24355782056227 5.30008987756446 4.35662193456665 3.9019953017123 3.93620997900143 3.97042465629056 4.00463933357969 -9999 -9999 5.02582989865914 5.02582989865914 4.75998962530866 4.49414935195819 4.22830907860771 4.01241382118315 3.94635361153632 3.8802934018895 3.81423319224268 3.85904284659773 4.01472236495465 4.17040188331157 4.32608140166849 4.23235074849799 4.05548337148502 3.87861599447206 3.70174861745909 3.96769701736048 4.23364541726187 4.49959381716326 4.69894684385508 4.69851375091821 4.69808065798134 4.69764756504446 4.94460538029671 5.43895410373807 5.93330282717943 6.42765155062079 5.81415053224191 4.83136626658961 3.84858200093731 2.86579773528501 3.11213223030791 3.3584667253308 3.60480122035369 -9999 -9999 -9999 -9999 -9999 -9999 -9999 -9999 -9999 -9999 -9999 4.84506336506456 4.69969928730279 4.55433520954102 4.40897113177925 4.35430065030232 4.5717109576799 4.78912126505747 5.00653157243505 5.12409153627232
6.14464993821457 5.28180276090279 4.41895558359101 3.99095346266404 3.99779639812186 4.00463933357969 4.01148226903751 -9999 -9999 5.02582989865914 5.02582989865914 4.75998962530866 4.49414935195819 4.22830907860771 4.03765598125756 4.07256441190839 4.10747284255922 4.14238127321005 4.21107943542302 4.31356732919812 4.41605522297323 4.51854311674833 4.45213642017916 4.32943152682856 4.20672663347796 4.08402174012735 4.26533186109737 4.44664198206738 4.62795210303739 4.78056929726154 4.8471077112481 4.91364612523466 4.98018453922123 5.1535427570343 5.43372077867389 5.71389880031347 5.99407682195306 5.53061422565952 4.81927142338827 4.10792862111703 3.39658581884578 3.50137682491913 3.60616783099249 3.71095883706585 -9999 -9999 -9999 -9999 -9999 -9999 -9999 -9999 -9999 -9999 -9999 4.84506336506456 4.88689404074103 4.92872471641749 4.97055539209396 4.98818589979783 4.93321590358391 4.87824590737 4.82327591115609 4.9038664852269
6.04574205586687 5.26351564424112 4.48128923261538 4.07991162361577 4.05938281724229 4.03885401086882 4.01832520449534 -9999 -9999 -9999 5.02582989865914 4.75998962530866 4.49414935195819 4.22830907860771 4.06289814133197 4.19877521228045 4.33465228322893 4.47052935417742 4.5631160242483 4.61241229344159 4.66170856263489 4.71100483182818 4.67192209186032 4.60337968217209 4.53483727248386 4.46629486279562 4.56296670483425 4.65963854687288 4.75631038891152 4.86219175066799 4.99570167157799 5.12921159248799 5.26272151339799 5.3624801337719 5.4284874536097 5.49449477344751 5.56050209328532 5.24707791907713 4.80717658018693 4.36727524129674 3.92737390240654 3.89062141953036 3.85386893665418 3.817116453778 3.78955209162086 3.78955209162086 -9999 -9999 -9999 -9999 -9999 -9999 -9999 -9999 4.84506336506456 4.84506336506456 5.07408879417926 5.30311422329396 5.53213965240866 5.62207114929333 5.29472084948793 4.96737054968253 4.64002024987713 4.68364143418148
6.14932936616242 5.52984633855522 4.91036331094801 4.69244654802606 4.87609604978934 5.05974555155262 5.24339505331591 -9999 -9999 -9999 -9999 -9999 -9999 -9999 5.58423568680882 5.38956658914685 5.19489749148488 5.00022839382291 4.89729017391801 4.88608283177018 4.87487548962235 4.86366814747453 4.83222850458696 4.79404476145282 4.75586101831868 4.71767727518454 4.77342606754974 4.82917485991493 4.88492365228012 4.97019253950566 5.14402171131223 5.31785088311881 5.49168005492538 5.55085570458323 5.49537783209234 5.43989995960146 5.38442208711058 5.19858903251588 4.96930425055325 4.74001946859062 4.51073468662798 4.32710319757462 4.14347170852125 3.95984021946788 3.82537305378355 3.83839885820635 3.85142466262914 3.86445046705194 -9999 -9999 -9999 -9999 4.45078128017485 4.52246893197298 4.59415658377111 4.66584423556924 5.01878572627902 5.3717272169888 5.72466870769858 5.98416825570166 5.96334197558463 5.94251569546759 5.92168941535056 5.97187537327409
6.45541186910123 6.08079484384507 5.70617781858891 5.48826105566695 5.42704455507919 5.36582805449143 5.30461155390367 -9999 -9999 -9999 -9999 -9999 5.63290296122432 5.63290296122432 5.60758365411311 5.5063064256683 5.40502919722348 5.30375196877867 5.21360188443214 5.13457894418389 5.05555600393564 4.97653306368738 4.93305565835908 4.90142676467076 4.86979787098244 4.83816897729412 4.89670994924381 4.95525092119351 5.01379189314321 5.10457166377455 5.29206783045083 5.47956399712712 5.6670601638034 5.7186694694683 5.63439191412181 5.55011435877532 5.46583680342883 5.38514756597579 5.30565443448722 5.22616130299866 5.1466681715101 4.8108221590519 4.47497614659369 4.13913013413548 3.88616014108993 3.88181820628233 3.87747627147473 3.87313433666714 -9999 -9999 -9999 -9999 4.37909362837672 4.35519774444401 4.3313018605113 4.30740597657859 4.72098483704031 5.13456369750202 5.54814255796373 6.07447721902281 6.939079281874 7.80368134472519 8.66828340757638 8.76856830250472
-9999 6.43711681477726 6.43711681477726 6.43711681477726 6.43711681477726 -9999 -9999 -9999 -9999 -9999 6.91827870905399 6.57551184296608 6.23274497687817 5.88997811079025 5.6309316214174 5.62304626218975 5.61516090296209 5.60727554373443 5.52991359494627 5.38307505659759 5.23623651824892 5.08939797990024 5.0338828121312 5.0088087678887 4.98373472364619 4.95866067940369 5.01999383093789 5.08132698247209 5.14266013400629 5.23895078804344 5.44011394958943 5.64127711113542 5.84244027268142 5.88648323435336 5.77340599615127 5.66032875794917 5.54725151974708 5.57170609943569 5.6420046184212 5.71230313740671 5.78260165639222 5.29454112052917 4.80648058466613 4.31842004880309 3.98366354755126 4.10881915013306 4.23397475271486 4.35913035529666 -9999 -9999 -9999 -9999 5.64308596774936 5.07837988436222 4.51367380097508 3.94896771758795 4.42318394780159 4.89740017801523 5.37161640822887 6.16478618234396 7.91481658816338 9.66484699398279 11.4148773998022 11.5652612317353
-9999 6.43711681477726 6.43711681477726 6.43711681477726 6.43711681477726 -9999 -9999 -9999 -9999 -9999 6.91827870905399 6.70831625908613 6.49835380911827 6.28839135915041 6.12941047735512 6.12337430007756 6.11733812279999 6.11130194552243 6.00658364407718 5.80318321846426 5.59978279285133 5.3963823672384 5.28870508214459 5.21293551055714 5.1371659389697 5.06139636738226 5.13905005669221 5.21670374600217 5.29435743531212 5.37573399301618 5.46827915590256 5.56082431878895 5.65336948167533 5.73454310093075 5.80434517655522 5.87414725217968 5.94394932780415 5.99310654960573 6.03538215346634 6.07765775732696 6.11993336118758 5.64204218611121 5.16415101103485 4.68625983595848 4.3340992347803 4.35913035529666 4.38416147581302 4.40919259632938 -9999 -9999 -9999 -9999 5.90713115595281 5.69448532350361 5.48183949105442 5.26919365860522 5.12783450447023 4.98647535033524 4.84511619620025 5.10342298261821 6.56072759069502 8.01803219877183 9.47533680684865 9.85641570948064
-9999 -9999 -9999 -9999 -9999 -9999 -9999 -9999 -9999 6.91827870905399 6.91827870905399 6.84112067520618 6.76396264135838 6.68680460751057 6.62788933329284 6.62370233796537 6.6195153426379 6.61532834731042 6.4832536932081 6.22329138033092 5.96332906745374 5.70336675457656 5.54352735215798 5.41706225322559 5.29059715429321 5.16413205536082 5.25810628244653 5.35208050953224 5.44605473661795 5.51251719798893 5.4964443622157 5.48037152644247 5.46429869066924 5.58260296750814 5.83528435695916 6.08796574641019 6.34064713586122 6.41450699977577 6.42875968851149 6.44301237724721 6.45726506598294 5.98954325169325 5.52182143740356 5.05409962311387 4.68453492200933 4.60944156046025 4.53434819891118 4.4592548373621 -9999 -9999 6.06661553028971 6.06661553028971 6.17117634415627 6.31059076264501 6.45000518113375 6.58941959962249 5.83248506113887 5.07555052265525 4.31861598417163 4.04205978289247 5.20663859322667 6.37121740356088 7.53579621389508 8.14757018722594
-9999 -9999 -9999 -9999 -9999 -9999 -9999 7.32165300473571 7.24831222370267 7.17497144266963 7.10163066163659 6.99393950030208 6.88624833896756 6.77855717763305 6.70207144785672 6.71920201275498 6.73633257765323 6.75346314255148 6.63632395025343 6.38491500075907 6.1335060512647 5.88209710177034 5.68303402606398 5.50141957495362 5.31980512384325 5.13819067273289 5.26094096247107 5.38369125220925 5.50644154194742 5.5809088004753 5.51052696537226 5.44014513026923 5.36976329516619 5.50663290079683 5.85075394716114 6.19487499352545 6.53899603988975 6.62520722486079 6.62544845603406 6.62568968720734 6.62593091838062 6.16329378448427 5.70065665058792 5.23801951669157 4.8910416662693 4.8910416662693 -9999 -9999 6.65683837747201 6.55419092578813 6.45154347410426 6.34889602242038 6.45079776551574 6.62088257353753 6.79096738155931 6.9610521895811 5.97727200295776 4.99349181633443 4.00971162971109 3.49544532923028 4.38972068717703 5.28399604512379 6.17827140307054 6.73778297798708
-9999 -9999 -9999 -9999 -9999 -9999 -9999 7.39499378576875 7.41944071277976 7.44388763979077 7.46833456680179 7.16677273437381 6.86521090194583 6.56364906951785 6.35195682104677 6.40987332444638 6.46778982784599 6.5257063312456 6.46579441521317 6.28805407974869 6.11031374428421 5.93257340881974 5.70722510386258 5.46600747574121 5.22478984761983 4.98357221949846 5.14755409676582 5.31153597403318 5.47551785130054 5.5809088004753 5.51052696537226 5.44014513026923 5.36976329516619 5.50663290079683 5.85075394716114 6.19487499352545 6.53899603988975 6.62520722486079 6.62544845603406 6.62568968720734 6.62593091838062 6.16329378448427 5.70065665058792 5.23801951669157 -9999 -9999 -9999 -9999 6.72527001192793 6.75948582915589 6.79370164638385 6.82791746361181 6.74599542003125 6.62536075618118 6.50472609233111 6.38409142848104 5.56219532992691 4.74029923137277 3.91840313281864 3.46357962163165 4.10997387254611 4.75636812346056 5.40276237437502 5.62705408176407
-9999 -9999 -9999 -9999 -9999 -9999 -9999 -9999 -9999 7.83503847196698 7.83503847196698 7.33960596844554 6.8441734649241 6.34874096140265 6.00184219423681 6.10054463613778 6.19924707803875 6.29794951993972 6.29526488017291 6.19119315873832 6.08712143730372 5.98304971586913 5.73141618166119 5.4305953765288 5.12977457139641 4.82895376626402 4.82895376626402 -9999 -9999 -9999 -9999 -9999 -9999 -9999 -9999 -9999 -9999 -9999 -9999 -9999 -9999 -9999 -9999 -9999 -9999 -9999 -9999 -9999 5.99211151711643 6.40983371995389 6.82755592279136 7.24527812562883 7.04119307454675 6.62983893882483 6.21848480310291 5.80713066738099 5.14711865689605 4.48710664641112 3.82709463592619 3.43171391403303 3.83022705791518 4.22874020179734 4.62725334567949 4.51632518554106
-9999 -9999 -9999 -9999 -9999 -9999 -9999 -9999 -9999 7.83503847196698 7.83503847196698 7.432870734483 7.03070299699903 6.62853525951505 6.28202174138278 6.10247088130563 5.92292002122849 5.74336916115135 5.62724411208183 5.57454487401992 5.52184563595802 5.46914639789611 5.33056802395731 5.16336327139288 4.99615851882845 4.82895376626402 4.82895376626402 -9999 -9999 -9999 -9999 -9999 -9999 -9999 -9999 -9999 -9999 -9999 -9999 -9999 -9999 -9999 -9999 -9999 -9999 -9999 -9999 -9999 5.83285748586059 5.93207162618637 6.03128576651216 6.13049990683794 5.93476236797869 5.64070760272443 5.34665283747017 5.05259807221591 4.87264712713659 4.69269618205726 4.51274523697793 4.35264945728704 4.25211917376146 4.15158889023587 4.05105860671028 3.95474263513461
6.04517064057291 -9999 -9999 -9999 -9999 -9999 -9999 -9999 -9999 -9999 7.83503847196698 7.52613550052047 7.21723252907395 6.90832955762744 6.56220128852874 6.10439712647349 5.64659296441823 5.18878880236298 4.95922334399074 4.95789658930153 4.95656983461231 4.95524307992309 4.92971986625344 4.89613116625696 4.86254246626049 -9999 -9999 -9999 -9999 -9999 -9999 -9999 -9999 -9999 -9999 -9999 -9999 -9999 -9999 -9999 -9999 -9999 -9999 -9999 -9999 -9999 5.78325041569769 5.78325041569769 5.67360345460474 5.45430953241885 5.23501561023295 5.01572168804705 4.82833166141063 4.65157626662403 4.47482087183744 4.29806547705084 4.59817559737712 4.8982857177034 5.19839583802968 5.27358500054106 4.67401128960773 4.07443757867441 3.47486386774108 3.39316008472815
6.04517064057291 -9999 -9999 -9999 -9999 -9999 -9999 -9999 -9999 -9999 -9999 -9999 6.8515237653628 6.8515237653628 6.70229106210172 6.10536024905741 5.5084294360131 4.91149862296879 4.6252129599452 4.64957244694233 4.67393193393946 4.69829142093658 4.70438129268587 4.70438129268587 -9999 -9999 -9999 -9999 -9999 -9999 -9999 -9999 -9999 -9999 -9999 -9999 -9999 -9999 -9999 -9999 -9999 -9999 -9999 -9999 5.1984780896455 5.29594014398754 5.39340219832957 5.4908642526716 5.3948368197307 5.10531989950687 4.81580297928303 4.5262860590592 4.392361598555 4.31030129129067 4.22824098402634 4.14618067676201 4.48164774337783 4.81711480999365 5.15258187660947 5.21827732678503 4.47465792763978 3.73103852849454 2.98741912934929 2.90110808238387
-9999 -9999 -9999 -9999 -9999 -9999 -9999 -9999 -9999 -9999 -9999 -9999 -9999 -9999 6.70229106210172 6.10536024905741 5.5084294360131 4.91149862296879 4.6252129599452 4.64957244694233 4.67393193393946 4.69829142093658 -9999 -9999 -9999 -9999 -9999 -9999 -9999 -9999 -9999 -9999 -9999 -9999 -9999 -9999 -9999 -9999 -9999 -9999 -9999 -9999 -9999 -9999 5.16599073819816 5.13350338675082 5.10101603530347 5.06852868385613 4.99655758123845 4.88510272745043 4.77364787366241 4.66219301987439 4.6268521794118 4.61688267672434 4.60691317403689 4.59694367134944 4.52306356513873 4.44918345892802 4.37530335271731 4.18672643601894 3.6540590878576 3.12139173969626 2.58872439153492 2.47858662810177
-9999 -9999 -9999 -9999 -9999 -9999 -9999 -9999 -9999 -9999 -9999 -9999 -9999 -9999 -9999 -9999 -9999 -9999 -9999 -9999 -9999 -9999 -9999 -9999 -9999 -9999 -9999 -9999 -9999 -9999 -9999 -9999 -9999 -9999 -9999 -9999 -9999 -9999 -9999 -9999 -9999 -9999 -9999 -9999 4.01678387308493 4.17340983403847 4.330035794992 4.48666175594553 4.5982783427462 4.66488555539399 4.73149276804179 4.79809998068959 4.8613427602686 4.92346406215802 4.98558536404744 5.04770666593686 4.56447938689962 4.08125210786238 3.59802482882515 3.15517554525286 2.83346024807543 2.51174495089799 2.19002965372056 2.05606517381966
-9999 -9999 -9999 -9999 -9999 -9999 -9999 -9999 -9999 -9999 -9999 -9999 -9999 -9999 -9999 -9999 -9999 -9999 -9999 -9999 -9999 -9999 -9999 -9999 -9999 -9999 -9999 -9999 -9999 -9999 -9999 -9999 -9999 -9999 -9999 -9999 -9999 -9999 -9999 -9999 -9999 -9999 -9999 -9999 3.98545868089423 4.01678387308493 4.04810906527564 4.07943425746635 4.10868409462273 4.13585857674479 4.16303305886686 4.19020754098892 4.07848226604983 3.92045707209036 3.76243187813088 3.60440668417141 3.50605940027162 3.40771211637184 3.30936483247206 3.12604080629535 2.68778655328788 2.24953230028041 1.81127804727294 1.59293287899345
-9999 -9999 -9999 -9999 -9999 -9999 -9999 -9999 -9999 -9999 -9999 -9999 -9999 -9999 -9999 -9999 -9999 -9999 -9999 -9999 -9999 -9999 -9999 -9999 -9999 -9999 -9999 -9999 -9999 -9999 -9999 -9999 -9999 -9999 -9999 -9999 -9999 -9999 -9999 -9999 -9999 -9999 -9999 -9999 3.95413348870352 3.8601579121314 3.76618233555928 3.67220675898716 3.61908984649926 3.6068315980956 3.59457334969193 3.58231510128826 3.29562177183107 2.9174500820227 2.53927839221433 2.16110670240596 2.44763941364363 2.7341721248813 3.02070483611897 3.09690606733784 2.54211285850033 1.98731964966282 1.43252644082531 1.12980058416724
-9999 -9999 -9999 -9999 -9999 -9999 -9999 -9999 -9999 -9999 -9999 -9999 -9999 -9999 -9999 -9999 -9999 -9999 -9999 -9999 -9999 -9999 -9999 -9999 -9999 -9999 -9999 -9999 -9999 -9999 -9999 -9999 -9999 -9999 -9999 -9999 -9999 -9999 -9999 -9999 -9999 -9999 -9999 -9999 -9999 -9999 3.3902800292708 3.3902800292708 3.37429272243753 3.342318108771 3.31034349510446 3.27836888143793 2.90419152472168 2.41594658698887 1.92770164925605 1.43945671152323 1.43945671152323 -9999 -9999 0.632109771715477 0.682861358800437 0.733612945885397 0.784364532970358 0.787236214120639
