data/climate/sant/max_precip.asc
NCOLS 360 
NROWS 180 
XLLCORNER -180 
YLLCORNER -90 
CELLSIZE 1 
NODATA_value -9999 
[rows 28 to 55 of 180, columns 128 to 191 of 360]
2.69227975420654 2.7246720045805 2.75706425495446 2.77328752912581 2.74100387468934 2.70872022025287 2.6764365658164 2.66029473859817 2.66029473859817 -9999 -9999 -9999 -9999 2.95863097999245 2.95863097999245 2.96306282747537 2.96749467495829 2.97192652244121 2.9752504080534 2.9752504080534 -9999 -9999 3.12769991182722 3.10978301544674 3.09186611906625 3.07394922268577 3.16070943279192 3.28236201172695 3.40401459066197 3.525667169597 3.64356985269114 3.76147253578529 3.87937521887943 4.04935406288132 4.37556138960645 4.70176871633157 5.0279760430567 4.78057254524902 3.95955822290853 3.13854390056804 2.31752957822755 2.73018809314817 3.55407088715583 4.37795368116349 5.20183647517115 4.85867260862142 4.51550874207169 4.17234487552196 3.82665826566517 3.47340342588723 3.12014858610928 2.76689374633133 2.70244047325104 2.92678876686841 3.15113706048578 3.37548535410315 3.2953636511229 3.11375194927678 2.93214024743065 2.75052854558453 2.75159950135276 2.75267045712098 2.75374141288921 -9999
2.66047444241121 2.70443226071075 2.74839007901028 2.77328752912581 2.74100387468934 2.70872022025287 2.6764365658164 -9999 -9999 -9999 -9999 -9999 -9999 -9999 2.95863097999245 2.96306282747537 2.96749467495829 2.97192652244121 -9999 -9999 -9999 -9999 3.16353370458819 3.21728439372964 3.27103508287109 3.32478577201255 3.40470018843189 3.49333584727719 3.5819715061225 3.67060716496781 3.70024763653055 3.72988810809329 3.75952857965603 3.88067132094875 4.27632087143138 4.67197042191401 5.06761997239664 4.80687012104318 3.88972086785361 2.97257161466405 2.05542236147448 2.46023743506521 3.30570728424937 4.15117713343352 4.99664698261768 4.77914239559323 4.56163780856878 4.34413322154433 4.06740390881896 3.61300041899085 3.15859692916274 2.70419343933463 2.58540397603065 2.80222853925079 3.01905310247093 3.23587766569108 3.18538562161848 3.04578804178163 2.90619046194479 2.76659288210794 2.76338001480326 2.76016714749858 2.7569542801939 -9999
2.59483118425123 -9999 -9999 -9999 -9999 -9999 -9999 -9999 -9999 -9999 -9999 -9999 -9999 -9999 -9999 -9999 -9999 -9999 -9999 -9999 -9999 -9999 -9999 -9999 3.47260016715154 3.47260016715154 3.60689184721559 3.78594742063433 3.96500299405307 4.1440585674718 4.06325308140367 3.98244759533554 3.90164210926741 3.90776062197983 4.1746511310339 4.44154164008796 4.70843214914203 4.51363184954971 3.85714074131101 3.20064963307232 2.54415852483362 2.79366817278787 3.34517807280645 3.89668797282502 4.44819787284359 4.36592689482495 4.28365591680631 4.20138493878767 4.03130237711594 3.59778506448492 3.16426775185391 2.7307504392229 2.60487600462511 2.78664444806054 2.96841289149597 3.1501813349314 3.11142376670614 2.99915752792731 2.88689128914848 2.77462505036965 2.77462505036965 -9999 -9999 -9999
-9999 -9999 -9999 -9999 -9999 -9999 -9999 -9999 -9999 -9999 -9999 -9999 -9999 -9999 -9999 -9999 -9999 -9999 -9999 -9999 -9999 -9999 -9999 -9999 -9999 -9999 3.76728440914303 4.16019673179835 4.55310905445367 4.94602137710899 4.73258618731052 4.51915099751204 4.30571580771357 4.13062196597457 4.070552168414 4.01048237085342 3.95041257329285 3.90085773076862 3.86181784328073 3.82277795579284 3.78373806830496 3.73048030631617 3.67248325282708 3.61448619933799 3.5564891458489 3.6190261063166 3.68156306678429 3.74410002725199 3.7183536705561 3.42775736236945 3.1371610541828 2.84656474599615 2.76085655903444 2.88003649329767 2.9992164275609 3.11839636182413 3.07347808638588 2.9738604077138 2.87424272904173 -9999 -9999 -9999 -9999 -9999
-9999 -9999 -9999 -9999 -9999 -9999 -9999 -9999 -9999 -9999 -9999 -9999 -9999 -9999 -9999 -9999 -9999 -9999 -9999 -9999 -9999 -9999 -9999 -9999 -9999 -9999 5.17317325808108 5.36477690096945 5.55638054385781 5.74798418674618 5.40191929321736 5.05585439968854 4.70978950615972 4.35348330996931 3.9664532057941 3.57942310161889 3.19239299744368 3.28808361198753 3.86649494525045 4.44490627851337 5.02331761177629 4.66729243984446 3.99978843284771 3.33228442585096 2.66478041885421 2.87212531780824 3.07947021676227 3.28681511571631 3.40540496399626 3.25772966025397 3.11005435651168 2.96237905276939 2.91683711344376 2.97342853853479 3.03001996362582 3.08661138871685 3.16468070726842 3.24990932364017 3.33513794001192 -9999 -9999 -9999 -9999 4.54249023925513
-9999 -9999 -9999 -9999 -9999 -9999 -9999 -9999 -9999 -9999 -9999 -9999 -9999 -9999 -9999 -9999 -9999 -9999 -9999 -9999 -9999 -9999 -9999 -9999 -9999 -9999 5.05821107234806 5.09653180092573 5.13485252950341 5.17317325808108 5.29440650716424 5.4156397562474 5.53687300533056 5.42394596664235 4.60853806464002 3.79313016263768 2.97772226063535 2.95486341090873 3.72455361345783 4.49424381600693 5.26393401855603 4.91868131468073 4.20178097533062 3.48488063598052 2.76798029663041 2.94180549541488 3.11563069419935 3.28945589298382 3.41441160393879 3.39275885140523 3.37110609887168 3.34945334633812 3.34100271994248 3.34575421968475 3.35050571942702 3.35525721916929 3.36922938656062 3.38627510983497 3.40332083310932 -9999 -9999 -9999 -9999 4.64982180017978
-9999 -9999 -9999 -9999 -9999 -9999 -9999 -9999 -9999 -9999 -9999 -9999 -9999 -9999 -9999 -9999 -9999 -9999 -9999 -9999 3.17226389888674 3.17226389888674 3.17226389888674 3.17226389888674 -9999 -9999 4.94324888661504 4.82828670088202 4.713324515149 4.59836232941598 5.18689372111112 5.77542511280626 6.3639565045014 6.49440862331539 5.25062292348593 4.00683722365648 2.76305152382702 2.62164320982993 3.58261228166521 4.54358135350049 5.50455042533576 5.17007018951699 4.40377351781353 3.63747684611008 2.87118017440662 3.01148567302153 3.15179117163643 3.29209667025134 3.42341824388131 3.52778804255649 3.63215784123167 3.73652763990685 3.7651683264412 3.71807990083471 3.67099147522822 3.62390304962173 3.57377806585282 3.52264089602977 3.47150372620672 -9999 -9999 -9999 -9999 4.75715336110443
2.91493796277791 3.1422566017136 3.36957524064928 -9999 -9999 -9999 -9999 -9999 -9999 -9999 -9999 -9999 -9999 -9999 -9999 -9999 -9999 -9999 3.53822624450549 3.41371671063825 3.28920717677101 3.16469764290377 2.99763950239867 2.7880327552557 2.57842600811273 2.36881926096976 2.66635173652321 3.13293061964214 3.59950950276107 4.06608838587999 4.84815267473459 5.63021696358919 6.41228125244379 6.72399325110018 5.62464837916195 4.52530350722373 3.4259586352855 3.22536003682762 3.92350771185011 4.62165538687259 5.31980306189507 5.04027769295499 4.43486130936071 3.82944492576644 3.22402854217216 3.29881434654817 3.37360015092418 3.44838595530018 3.53312557144091 3.64772662287578 3.76232767431065 3.87692872574553 3.90832853363827 3.85652709798887 3.80472566233948 3.75292422669008 3.73997386777773 3.73997386777773 -9999 -9999 -9999 -9999 -9999 7.33658488327637
2.91493796277791 3.1422566017136 3.36957524064928 3.54006421985105 3.54006421985105 -9999 -9999 -9999 -9999 -9999 -9999 -9999 -9999 -9999 -9999 -9999 3.5693536279723 3.5693536279723 3.52891677478328 3.3671693620272 3.20542194927111 3.04367453651503 2.87661639600992 2.7042475277558 2.53187865950167 2.35950979124755 2.56840434484184 2.90438670571893 3.24036906659603 3.57635142747313 4.27818336803466 4.98001530859619 5.68184724915773 6.11269984999672 5.73061443166807 5.34852901333943 4.96644359501079 4.76601389190182 4.74723990401253 4.72846591612324 4.70969192823395 4.52930382499471 4.29504434997216 4.0607848749496 3.82652539992705 3.80379151599482 3.78105763206258 3.75832374813035 3.74353358661756 3.75257459236309 3.76161559810862 3.77065660385415 3.77048334153369 3.76109581114724 3.75170828076079 3.74232075037435 -9999 -9999 -9999 -9999 -9999 7.42289274930954 7.42289274930954 7.26180532341823
2.91493796277791 3.1422566017136 3.36957524064928 3.53267661994323 3.50312622031197 3.47357582068071 3.44402542104945 -9999 -9999 -9999 -9999 -9999 -9999 -9999 3.93440678017214 3.83705927291885 3.73971176566556 3.64236425841227 3.51960730506107 3.32062201341614 3.12163672177121 2.92265143012628 2.75559328962117 2.62046230025589 2.48533131089061 2.35020032152534 2.47045695316046 2.67584279179573 2.881228630431 3.08661446906626 3.70821406133473 4.3298136536032 4.95141324587166 5.50140644889325 5.83658048417419 6.17175451945513 6.50692855473608 6.30666774697602 5.57097209617496 4.83527644537389 4.09958079457283 4.01832995703444 4.1552273905836 4.29212482413277 4.42902225768194 4.30876868544146 4.18851511320099 4.06826154096052 3.95394160179421 3.8574225618504 3.76090352190658 3.66438448196277 3.61612496199086 3.61612496199086 -9999 -9999 -9999 -9999 -9999 5.86071806028485 6.2772979773581 6.69387789443135 7.1104578115046 7.18702576356009
3.10103356372565 3.22844427544624 3.35585498716682 3.4499355009757 3.44402542104945 3.43811534112319 3.43220526119694 -9999 -9999 -9999 -9999 -9999 -9999 -9999 3.93440678017214 3.91493727872148 3.89546777727082 3.87599827582017 3.82232040027156 3.66601740242913 3.5097144045867 3.35341140674427 3.23353926558048 3.15009798109531 3.06665669661015 2.98321541212499 2.95237143337727 2.93905988987535 2.92574834637344 2.91243680287153 3.48580018524081 4.05916356761009 4.63252694997936 5.16460479889065 5.57282604742795 5.98104729596525 6.38926854450256 6.22954764962196 5.50188461132348 4.77422157302499 4.0465585347265 4.05594997527078 4.31102624209598 4.56610250892118 4.82117877574638 4.59635013202205 4.37152148829773 4.14669284457341 3.95394160179421 3.8574225618504 3.76090352190658 3.66438448196277 3.61612496199086 3.61612496199086 -9999 -9999 -9999 -9999 -9999 5.86071806028485 6.22404895350337 6.58737984672189 6.9507107399404 7.00749711552635
3.28712916467339 3.31463194917887 3.34213473368436 3.36719438200817 3.38492462178692 3.40265486156568 3.42038510134444 -9999 -9999 -9999 -9999 -9999 -9999 -9999 3.93440678017214 3.99281528452411 4.05122378887609 4.10963229322806 4.12503349548206 4.01141279144213 3.89779208740219 3.78417138336226 3.71148524153978 3.67973366193473 3.64798208232969 3.61623050272465 3.43428591359407 3.20227698795497 2.97026806231588 2.73825913667679 3.26338630914688 3.78851348161697 4.31364065408707 4.82780314888805 5.30907161068171 5.79034007247537 6.27160853426903 6.15242755226791 5.432797126472 4.71316670067608 3.99353627488017 4.09356999350712 4.46682509360835 4.84008019370958 5.21333529381081 4.88393157860264 4.55452786339447 4.2251241481863 3.95394160179421 3.8574225618504 3.76090352190658 3.66438448196277 -9999 -9999 -9999 -9999 -9999 -9999 5.86071806028485 5.86071806028485 6.17079992964864 6.48088179901242 6.79096366837621 6.82796846749261
3.29833978414536 3.27800012379885 3.25766046345234 3.26801638863981 3.37045907042921 3.4729017522186 3.575344434008 3.46845485502854 3.15223301528022 2.83601117553189 2.51978933578357 2.59397544432431 2.79829753562808 3.00261962693185 3.20694171823561 3.53123622760177 3.85553073696792 4.17982524633408 4.3980570891872 4.29810093250126 4.19814477581531 4.09818861912936 4.03734248969704 4.01560638751835 3.99387028533965 3.97213418316096 3.77563591534272 3.52088359231129 3.26613126927987 3.01137894624844 3.41633237572387 3.8212858051993 4.22623923467472 4.65037486329675 5.13205708935857 5.61373931542039 6.09542154148221 6.03451936226338 5.4310327777639 4.82754619326442 4.22405960876495 4.34043308068067 4.69675990473479 5.05308672878891 5.40941355284303 5.40941355284303 -9999 -9999 -9999 -9999 -9999 -9999 -9999 -9999 -9999 -9999 -9999 -9999 5.86071806028485 5.86071806028485 6.14417541772127 6.42763277515769 6.71109013259411 6.76881239376962
3.13466542214155 3.11854879930615 3.10243217647076 3.12609278038144 3.26908506453037 3.4120773486793 3.55506963282824 3.46845485502854 3.15223301528022 2.83601117553189 2.51978933578357 2.59397544432431 2.79829753562808 3.00261962693185 3.20694171823561 3.59714886546135 3.98735601268709 4.37756315991282 4.64139118138701 4.52608182560652 4.41077246982604 4.29546311404556 4.21111101005226 4.15771615784615 4.10432130564004 4.05092645343393 3.97642143862322 3.89487970294431 3.8133379672654 3.73179623158649 3.94463838497177 4.15748053835705 4.37032269174233 4.63231994211674 5.04178248345852 5.4512450248003 5.86070756614208 5.87582307960838 5.4965915651992 5.11736005079001 4.73812853638083 4.79653923679143 5.0008306754753 5.20512211415917 -9999 -9999 -9999 -9999 -9999 -9999 6.33507112506777 6.33507112506777 6.33507112506777 6.33507112506777 -9999 -9999 -9999 -9999 -9999 5.86071806028485 6.14417541772127 6.42763277515769 6.71109013259411 6.83002889435738
2.97099106013775 2.95909747481346 2.94720388948917 2.98416917212307 3.16771105863154 3.35125294514 3.53479483164847 3.46845485502854 3.15223301528022 2.83601117553189 2.51978933578357 2.59397544432431 2.79829753562808 3.00261962693185 3.20694171823561 3.66306150332093 4.11918128840625 4.57530107349157 4.88472527358681 4.75406271871179 4.62340016383678 4.49273760896176 4.38487953040749 4.29982592817396 4.21477232594043 4.1297187237069 4.17720696190372 4.26887581357732 4.36054466525093 4.45221351692453 4.48506957152858 4.51792562613264 4.55078168073669 -9999 -9999 5.79461501911283 5.79461501911283 5.71712679695338 5.56215035263449 5.4071739083156 5.25219746399671 5.21345335291699 5.21345335291699 -9999 -9999 -9999 -9999 -9999 6.96922236587852 6.78803629707545 6.60685022827238 6.42566415946931 6.18785263504833 5.89341565500945 5.59897867497057 5.30454169493169 -9999 -9999 -9999 -9999 -9999 -9999 -9999 -9999
3.13183868397027 3.09739060420543 3.06294252444059 3.06882269773632 3.1956876302138 3.32255256269127 3.44941749516875 3.45915555255488 3.35176673484966 3.24437791714445 3.13698909943923 3.25142948236316 3.43981293216348 3.62819638196379 3.8165798317641 4.10770869255066 4.39883755333722 4.68996641412377 4.91908760648221 4.96218579355627 5.00528398063034 5.0483821677044 5.01142233330756 4.89440447743982 4.77738662157208 4.66036876570433 4.61504777753726 4.5936257452704 4.57220371300355 4.55078168073669 4.5573528916575 4.56392410257831 4.57049531349912 -9999 -9999 5.79461501911283 5.79461501911283 5.71712679695338 5.56215035263449 5.4071739083156 5.25219746399671 5.21345335291699 5.21345335291699 -9999 -9999 -9999 -9999 -9999 6.91033496987075 6.49359931703657 6.07686366420239 5.66012801136822 5.42231648694724 5.36342909093946 5.30454169493169 5.24565429892391 -9999 -9999 -9999 -9999 -9999 -9999 -9999 -9999
3.2926863078028 3.2356837335974 3.178681159392 3.15347622334957 3.22366420179605 3.29385218024254 3.36404015868902 3.44985625008121 3.55130045441911 3.652744658757 3.7541888630949 3.90888352040201 4.08132832869887 4.25377313699573 4.42621794529259 4.55235588178039 4.67849381826818 4.80463175475597 4.95344993937761 5.17030886840075 5.3871677974239 5.60402672644705 5.63796513620764 5.48898302670568 5.34000091720372 5.19101880770177 5.05288859317079 4.91837567696348 4.78386276075616 4.64934984454885 4.62963621178642 4.60992257902399 4.59020894626155 -9999 -9999 -9999 -9999 5.71712679695338 5.56215035263449 5.4071739083156 5.25219746399671 -9999 -9999 -9999 -9999 -9999 7.01451888307929 7.01451888307929 6.85144757386297 6.19916233699769 5.54687710013241 4.89459186326712 4.65678033884615 4.83344252686948 5.0101047148928 5.18676690291613 -9999 -9999 -9999 -9999 -9999 -9999 -9999 -9999
3.37884234823287 3.36323142237961 3.34762049652636 3.33566721947864 3.3346868888475 3.33370655821636 3.33272622758523 3.42953646322712 3.62413726514205 3.81873806705698 4.01333886897191 4.15617223642766 4.28174979239702 4.40732734836638 4.53290490433574 4.69873311370611 4.86456132307649 5.03038953244686 5.19901018124074 5.37600814830512 5.5530061153695 5.73000408243388 5.76471635978669 5.65714294742793 5.54956953506917 5.44199612271041 5.33135234378278 5.2196851093322 5.10801787488163 4.99635064043105 5.11543732602149 5.23452401161194 5.35361069720238 -9999 -9999 -9999 -9999 -9999 -9999 -9999 -9999 -9999 -9999 -9999 -9999 -9999 7.01451888307929 7.01451888307929 6.84917609486729 6.18780494201928 5.52643378917128 4.86506263632327 4.61589371692389 4.77892703097314 4.94196034502238 5.10499365907162 -9999 -9999 -9999 -9999 -9999 -9999 -9999 -9999
3.39030680526048 3.48003367055207 3.56976053584367 3.61539568612352 3.52875569136813 3.44211569661275 3.35547570185736 3.39819619199261 3.5702771670185 3.7423581420444 3.91443911707029 3.99329563044012 4.04107732325792 4.08885901607573 4.13664070889354 4.54684038832784 4.95704006776214 5.36723974719644 5.6557683320716 5.57928363326937 5.50279893446714 5.4263142356649 5.39167600404471 5.39888423960656 5.40609247516841 5.41330071073025 5.45043902937323 5.49755404237658 5.54466905537993 5.59178406838328 5.55208850651979 5.51239294465631 5.47269738279283 -9999 -9999 -9999 -9999 -9999 -9999 -9999 -9999 -9999 -9999 -9999 -9999 -9999 -9999 -9999 6.9035205328837 6.45952713210136 6.01553373131901 5.57154033053666 5.32237141113728 5.26802697312087 5.21368253510445 5.15933809708804 -9999 -9999 -9999 -9999 -9999 -9999 -9999 -9999
3.40177126228809 3.59683591872454 3.79190057516098 3.8951241527684 3.72282449388877 3.55052483500913 3.37822517612949 3.3668559207581 3.51641706889495 3.66597821703181 3.81553936516866 3.83041902445257 3.80040485411882 3.77039068378508 3.74037651345134 4.39494766294956 5.04951881244779 5.70408996194601 6.11252648290247 5.78255911823362 5.45259175356477 5.12262438889593 4.95764070656151 4.95764070656151 -9999 -9999 -9999 -9999 6.18721749633551 6.18721749633551 6.18721749633551 -9999 -9999 -9999 -9999 -9999 -9999 -9999 -9999 -9999 -9999 -9999 -9999 -9999 -9999 -9999 -9999 -9999 -9999 -9999 6.16471020039171 6.16471020039171 6.16471020039171 6.16471020039171 -9999 -9999 -9999 -9999 -9999 9.09937166143209 8.28491805586964 7.47046445030719 6.65601084474474 -9999
3.55389719735831 3.71629637014121 3.87869554292411 3.98611969454214 3.92861878266558 3.87111787078902 3.81361695891246 3.87662227498367 4.06013381900266 4.24364536302164 4.42715690704063 4.39692070428282 4.29543525259942 4.19394980091602 4.09246434923261 4.65314540918916 5.21382646914572 5.77450752910227 6.11252648290247 5.78255911823362 5.45259175356477 5.12262438889593 4.95764070656151 4.95764070656151 -9999 -9999 -9999 -9999 6.18721749633551 6.18721749633551 6.18721749633551 -9999 -9999 -9999 -9999 -9999 -9999 -9999 -9999 -9999 -9999 -9999 -9999 -9999 -9999 -9999 -9999 -9999 -9999 -9999 6.16471020039171 6.16471020039171 6.16471020039171 6.16471020039171 -9999 -9999 -9999 -9999 -9999 9.09937166143209 8.28491805586964 7.47046445030719 6.65601084474474 -9999
3.70602313242853 3.83575682155788 3.96549051068723 4.07711523631588 4.1344130714424 4.19171090656891 4.24900874169543 4.38638862920925 4.60385056911036 4.82131250901148 5.03877444891259 4.96342238411307 4.79046565108001 4.61750891804695 4.44455218501389 4.91134315542877 5.37813412584364 5.84492509625852 6.11252648290247 5.78255911823362 5.45259175356477 5.12262438889593 -9999 -9999 -9999 -9999 -9999 -9999 -9999 -9999 -9999 -9999 -9999 -9999 -9999 -9999 -9999 -9999 -9999 -9999 -9999 -9999 -9999 -9999 -9999 -9999 -9999 -9999 -9999 -9999 -9999 -9999 -9999 -9999 -9999 -9999 -9999 -9999 9.09937166143209 9.09937166143209 8.28491805586964 7.47046445030719 6.65601084474474 6.04517064057291
3.83851155918092 3.91470584180206 3.99090012442321 4.10188616160303 4.31724746245891 4.53260876331478 4.74797006417066 4.90689837466925 5.00939369481057 5.11188901495188 5.2143843350932 5.11612575268373 4.95094920275733 4.78577265283093 4.62059610290453 4.62059610290453 -9999 -9999 -9999 -9999 -9999 -9999 -9999 -9999 -9999 -9999 -9999 -9999 -9999 -9999 -9999 -9999 -9999 -9999 -9999 -9999 -9999 -9999 -9999 -9999 -9999 -9999 -9999 -9999 -9999 -9999 -9999 -9999 -9999 -9999 -9999 -9999 -9999 -9999 -9999 -9999 -9999 -9999 9.09937166143209 9.09937166143209 8.28491805586964 7.47046445030719 6.65601084474474 6.04517064057291
3.95136247761548 3.95314343087375 3.95492438413203 4.06043247040361 4.47712195571512 4.89381144102663 5.31050092633814 5.43815151136369 5.27676319610327 5.11537488084286 4.95398656558245 4.85503080999479 4.77688590763137 4.69874100526795 -9999 -9999 -9999 -9999 -9999 -9999 -9999 -9999 -9999 -9999 -9999 -9999 -9999 -9999 -9999 -9999 -9999 -9999 -9999 -9999 -9999 -9999 -9999 -9999 -9999 -9999 -9999 -9999 -9999 -9999 -9999 -9999 -9999 -9999 -9999 -9999 -9999 -9999 -9999 -9999 -9999 -9999 -9999 -9999 -9999 9.09937166143209 8.28491805586964 7.47046445030719 6.65601084474474 -9999
4.06421339605004 3.99158101994544 3.91894864384085 4.01897877920419 4.63699644897133 5.25501411873847 5.87303178850561 5.96940464805812 5.54413269739598 5.11886074673384 4.69358879607171 4.58727080840617 4.58727080840617 -9999 -9999 -9999 -9999 -9999 -9999 -9999 -9999 -9999 -9999 -9999 -9999 -9999 -9999 -9999 -9999 -9999 -9999 -9999 -9999 -9999 -9999 -9999 -9999 -9999 -9999 -9999 -9999 -9999 -9999 -9999 -9999 -9999 -9999 -9999 -9999 -9999 -9999 -9999 -9999 -9999 -9999 -9999 -9999 -9999 -9999 -9999 -9999 -9999 -9999 -9999
4.91174185741693 4.70091959182173 4.49009732622653 4.45531796012074 4.94866729248315 5.44201662484556 5.93536595720798 5.96940464805812 5.54413269739598 5.11886074673384 4.69358879607171 4.58727080840617 4.58727080840617 -9999 -9999 -9999 -9999 -9999 -9999 -9999 -9999 -9999 -9999 -9999 -9999 -9999 -9999 -9999 -9999 -9999 -9999 -9999 -9999 -9999 -9999 -9999 -9999 -9999 -9999 -9999 -9999 -9999 -9999 -9999 -9999 -9999 -9999 -9999 -9999 -9999 -9999 -9999 -9999 -9999 -9999 -9999 -9999 -9999 -9999 -9999 -9999 -9999 -9999 -9999
5.75927031878382 5.41025816369802 5.06124600861222 4.89165714103729 5.26033813599497 5.62901913095266 5.99770012591034 5.96940464805812 5.54413269739598 5.11886074673384 4.69358879607171 -9999 -9999 -9999 -9999 -9999 -9999 -9999 -9999 -9999 -9999 -9999 -9999 -9999 -9999 -9999 -9999 -9999 -9999 -9999 -9999 -9999 -9999 -9999 -9999 -9999 -9999 -9999 -9999 -9999 -9999 -9999 -9999 -9999 -9999 -9999 -9999 -9999 -9999 -9999 -9999 -9999 -9999 -9999 -9999 -9999 -9999 -9999 -9999 -9999 -9999 -9999 -9999 -9999
5.97019929438829 5.62948683276772 5.28877437114716 5.03324002493173 5.03324002493173 -9999 -9999 -9999 -9999 -9999 -9999 -9999 -9999 -9999 -9999 -9999 -9999 -9999 -9999 -9999 -9999 -9999 -9999 -9999 -9999 -9999 -9999 -9999 -9999 -9999 -9999 -9999 -9999 -9999 -9999 -9999 -9999 -9999 -9999 -9999 -9999 -9999 -9999 -9999 -9999 -9999 -9999 -9999 4.34241831768304 4.16035240050405 3.97828648332506 3.79622056614608 -9999 -9999 -9999 -9999 -9999 -9999 -9999 -9999 -9999 -9999 -9999 -9999
