data/climate/sant/max_temp.asc
NCOLS 360 
NROWS 180 
XLLCORNER -180 
YLLCORNER -90 
CELLSIZE 1 
NODATA_value -9999 
[rows 28 to 55 of 180, columns 192 to 255 of 360]
-9999 -9999 -9999 -9999 -9999 -9999 -9999 23.530908203125 22.9189290364584 22.3069498697917 -9999 -9999 -9999 -9999 -9999 -9999 -9999 -9999 -9999 -9999 -9999 -9999 -9999 -9999 -9999 -9999 -9999 -9999 -9999 -9999 -9999 -9999 -9999 22.0070678710938 21.7842163085938 21.5613647460938 21.3385131835938 21.3714538574219 21.4896586100261 21.6078633626302 -9999 -9999 -9999 -9999 -9999 -9999 -9999 -9999 -9999 -9999 -9999 -9999 23.62474609375 23.5878149414063 23.5508837890625 23.5139526367188 23.5707023111979 23.6274519856771 23.6842016601563 23.6953324381511 23.5696065266927 23.4438806152344 23.3181547037761 23.2831848144531
-9999 -9999 -9999 -9999 -9999 23.989892578125 23.989892578125 23.530908203125 22.9189290364584 22.3069498697917 21.694970703125 21.694970703125 -9999 -9999 -9999 -9999 -9999 -9999 -9999 -9999 -9999 -9999 -9999 -9999 -9999 -9999 -9999 -9999 -9999 -9999 -9999 22.1184936523438 22.1184936523438 22.0070678710938 21.7842163085938 21.5613647460938 21.3385131835938 21.3714538574219 21.4896586100261 21.6078633626302 21.7260681152344 21.7260681152344 -9999 -9999 -9999 -9999 -9999 -9999 -9999 -9999 -9999 -9999 23.7355395507813 23.8463330078125 23.9571264648438 24.067919921875 24.2926253255209 24.5173307291667 24.7420361328125 24.8825980631511 24.7707295735677 24.6588610839844 24.5469925944011 24.4434875488281
-9999 -9999 -9999 26.4422119140625 25.555224609375 24.6682373046875 23.78125 23.3358203125 23.0375764973959 22.7393326822917 22.4410888671875 22.8942887369792 23.3474886067709 23.8006884765625 24.0933939615886 23.9046162923177 23.7158386230469 23.5270609537761 -9999 -9999 -9999 -9999 -9999 -9999 -9999 -9999 -9999 -9999 -9999 24.5749816894531 24.1327453613281 23.6905090332031 23.2482727050781 22.7886991373698 22.3117883300781 21.8348775227865 21.3579667154948 21.3362048339844 21.4661592610677 21.5961136881511 21.7260681152344 21.7260681152344 -9999 -9999 -9999 -9999 -9999 -9999 -9999 -9999 -9999 -9999 25.2134094238281 25.0554992675781 24.8975891113281 24.7396789550781 25.1034549967448 25.4672310384115 25.8310070800781 26.081845296224 25.9938700358073 25.9058947753906 25.817919514974 25.6740262858073
-9999 26.8857055664063 26.8857055664063 26.32744140625 25.2109130859375 24.094384765625 22.9778564453125 22.94564453125 23.2748714192709 23.6040983072917 23.9333251953125 23.9885953776042 24.0438655598959 24.0991357421875 24.0933939615886 23.9046162923177 23.7158386230469 23.5270609537761 23.4326721191406 23.4326721191406 -9999 -9999 -9999 -9999 -9999 -9999 -9999 24.6855407714844 24.6855407714844 24.6961364746094 24.7385192871094 24.7809020996094 24.8232849121094 24.3519616699219 23.3669323730469 22.3819030761719 21.3968737792969 21.2657067871094 21.4191605631511 21.5726143391927 -9999 -9999 -9999 -9999 -9999 -9999 -9999 -9999 -9999 -9999 -9999 -9999 25.3713195800781 25.4239562988281 25.4765930175781 25.5292297363281 26.0031913248698 26.4771529134115 26.9511145019531 27.2930741373698 27.2390279134115 27.1849816894531 27.1309354654948 26.9748010253906
25.5032694498698 26.0562438964844 26.609218343099 26.2126708984375 24.8666015625 23.5205322265625 22.174462890625 22.55546875 23.5121663411459 24.4688639322917 25.4255615234375 25.0829020182292 24.7402425130209 24.3975830078125 24.0933939615886 23.9046162923177 23.7158386230469 23.5270609537761 23.4326721191406 23.4326721191406 -9999 -9999 -9999 -9999 -9999 26.5739379882813 26.0703653971354 25.5667928059896 25.0632202148438 24.8172912597656 25.3442932128906 25.8712951660156 26.3982971191406 25.915224202474 24.4220764160156 22.9289286295573 21.435780843099 22.4871337890625 24.3866536458334 26.2861735026042 -9999 -9999 -9999 -9999 -9999 -9999 -9999 -9999 -9999 -9999 -9999 -9999 -9999 -9999 26.3187805175781 26.3187805175781 26.9029276529948 27.4870747884115 28.0712219238281 28.5043029785156 28.4841857910156 28.4640686035156 28.4439514160156 28.275575764974
24.9502950032552 25.0608898925781 25.1714847819011 25.1203035481771 24.9073461914063 24.6943888346354 24.4814314778646 24.96001953125 25.6691227213542 26.3782259114584 27.0873291015625 26.5704996744792 26.0536702473959 25.5368408203125 25.0347823079427 24.5770365397136 24.1192907714844 23.6615450032552 23.4326721191406 23.4326721191406 -9999 -9999 -9999 -9999 -9999 26.5739379882813 26.4896915690104 26.4054451497396 26.3211987304688 26.3269104003906 26.6024963378906 26.8780822753906 27.1536682128906 26.7589188639323 25.6938342285156 24.628749593099 23.5636649576823 24.2750537109375 25.5786002604167 26.8821468098959 -9999 -9999 -9999 -9999 -9999 -9999 -9999 -9999 -9999 -9999 -9999 -9999 -9999 -9999 26.3187805175781 26.3187805175781 27.1225500488281 27.9263195800782 28.7300891113281 29.3586779785156 29.4617248535156 29.5647717285156 29.6678186035156 29.6630871582031
24.3973205566406 24.0655358886719 23.7337512207031 24.0279361979167 24.9480908203125 25.8682454427084 26.7884000651042 27.3645703125 27.8260791015625 28.287587890625 28.7490966796875 28.0580973307292 27.3670979817709 26.6760986328125 25.9761706542969 25.2494567871094 24.5227429199219 23.7960290527344 -9999 -9999 -9999 -9999 -9999 -9999 26.5739379882813 26.5739379882813 26.9090177408854 27.2440974934896 27.5791772460938 27.8365295410156 27.8606994628906 27.8848693847657 27.9090393066406 27.6026135253906 26.9655920410156 26.3285705566406 25.6915490722656 26.0629736328125 26.770546875 27.4781201171875 28.185693359375 28.185693359375 -9999 -9999 -9999 -9999 -9999 -9999 -9999 -9999 -9999 -9999 -9999 -9999 -9999 26.3187805175781 27.3421724446615 28.3655643717448 29.3889562988281 30.2130529785156 30.4392639160156 30.6654748535156 30.8916857910156 31.0505985514323
24.2069458007813 24.1291723632813 24.0513989257813 24.5859855143229 25.7329321289063 26.8798787434896 28.0268253580729 28.5872546386719 28.9521781412761 29.3171016438802 29.6820251464844 29.0823392740886 28.4826534016927 27.8829675292969 27.6310721842448 28.422548421224 29.2140246582031 30.0055008951823 30.2799784342448 30.0374572753907 29.7949361165365 29.5524149576823 29.0814770507813 28.5344002278646 27.9873234049479 27.4402465820313 27.8941528320313 28.3480590820313 28.8019653320313 29.1318627929688 29.0897338867188 29.0476049804688 29.0054760742188 28.6845434570313 28.0848071289063 27.4850708007813 26.8853344726563 27.1832983398438 27.7804956054688 28.3776928710938 28.9748901367188 29.2905688476563 29.6062475585938 29.9219262695313 -9999 -9999 -9999 -9999 -9999 -9999 -9999 -9999 -9999 -9999 -9999 31.3549133300781 31.2290539550781 31.1031945800781 30.9773352050781 30.9540450032552 31.2384623209636 31.5228796386719 31.8072969563802 32.0178942871094
25.0563557942709 25.6581103515625 26.2598649088542 26.7944514973959 27.2618701171875 27.7292887369792 28.1967073567709 28.6280725097657 29.0474198404948 29.466767171224 29.8861145019531 29.6432255045573 29.4003365071615 29.1574475097656 29.0703446451823 29.4506001790365 29.8308557128906 30.2111112467448 30.2799784342448 30.0374572753906 29.7949361165365 29.5524149576823 29.4280004882813 29.3429549153646 29.2579093424479 29.1728637695313 29.4450968424479 29.7173299153646 29.9895629882813 30.21291015625 30.289599609375 30.3662890625 30.442978515625 30.0047086588542 29.0514794921875 28.0982503255209 27.1450211588542 27.6360278320313 28.6084464518229 29.5808650716146 30.5532836914063 30.4480574544271 30.3428312174479 30.2376049804688 -9999 -9999 -9999 -9999 -9999 -9999 -9999 -9999 -9999 -9999 -9999 31.3549133300781 31.3968664550781 31.4388195800781 31.4807727050781 31.5816540527344 31.8593200683594 32.1369860839844 32.4146520996094 32.5649743652344
25.9057657877604 27.1870483398438 28.4683308919271 29.3455485026042 29.818701171875 30.2918538411459 30.7650065104167 -9999 -9999 30.0902038574219 30.0902038574219 30.2041117350261 30.3180196126302 30.4319274902344 30.5096171061198 30.478651936849 30.4476867675781 30.4167215983073 30.2799784342448 30.0374572753907 29.7949361165365 29.5524149576823 29.7745239257813 30.1515096028646 30.5284952799479 30.9054809570313 30.9960408528646 31.0866007486979 31.1771606445313 31.2939575195313 31.4894653320313 31.6849731445313 31.8804809570313 31.3248738606771 30.0181518554688 28.7114298502604 27.4047078450521 28.0887573242188 29.4363972981771 30.7840372721354 32.1316772460938 32.1143758138021 32.0970743815104 32.0797729492188 -9999 -9999 -9999 -9999 -9999 -9999 -9999 -9999 -9999 -9999 -9999 32.1753173828125 32.16630859375 32.1572998046875 32.148291015625 32.2092631022136 32.4801778157552 32.7510925292969 33.0220072428386 33.1120544433594
27.5880737304688 28.7642163085938 29.9403588867188 30.5757454427084 30.6703759765625 30.7650065104167 30.8596370442709 -9999 -9999 30.0902038574219 30.0902038574219 30.2041117350261 30.3180196126302 30.4319274902344 30.5498807779948 30.679970296224 30.8100598144531 30.9401493326823 30.954892171224 30.8542883300781 30.7536844889323 30.6530806477865 30.8417211914063 31.1267765299479 31.4118318684896 31.6968872070313 31.8327433268229 31.9685994466146 32.1044555664063 32.2313549804688 32.3313842773438 32.4314135742188 32.5314428710938 32.1286287434896 31.2229711914063 30.3173136393229 29.4116560872396 29.8753051757813 30.7953898111979 31.7154744466146 32.6355590820313 32.4838891601563 32.3322192382813 32.1805493164063 -9999 -9999 -9999 -9999 -9999 -9999 -9999 -9999 -9999 -9999 -9999 32.1753173828125 32.3473307291667 32.5193440755209 32.691357421875 32.8844250488281 33.1406555175782 33.3968859863281 33.6531164550781 33.554433186849
29.2703816731771 30.3413842773438 31.4123868815104 31.8059423828125 31.52205078125 31.2381591796875 30.954267578125 -9999 -9999 -9999 30.0902038574219 30.2041117350261 30.3180196126302 30.4319274902344 30.5901444498698 30.881288655599 31.1724328613281 31.4635770670573 31.6298059082031 31.6711193847656 31.7124328613281 31.7537463378906 31.9089184570313 32.1020434570313 32.2951684570313 32.4882934570313 32.6694458007813 32.8505981445313 33.0317504882813 33.1687524414063 33.1733032226563 33.1778540039063 33.1824047851563 32.9323836263021 32.4277905273438 31.9231974283854 31.4186043294271 31.6618530273438 32.1543823242188 32.6469116210938 33.1394409179688 32.8534025065104 32.5673640950521 32.2813256835938 32.066796875 32.066796875 -9999 -9999 -9999 -9999 -9999 -9999 -9999 -9999 32.1753173828125 32.1753173828125 32.5283528645834 32.8813883463542 33.234423828125 33.5595869954427 33.8011332194011 34.0426794433594 34.2842256673177 33.9968119303386
30.0372639973959 30.996279296875 31.9552945963542 32.3902392578125 32.30111328125 32.2119873046875 32.122861328125 -9999 -9999 -9999 -9999 -9999 -9999 -9999 31.6034973144531 31.7439514160156 31.8844055175781 32.0248596191406 32.1717508951823 32.3250793457031 32.478407796224 32.6317362467448 32.7961193847656 32.9641874186198 33.132255452474 33.3003234863281 33.4847961425781 33.6692687988281 33.8537414550782 33.980732014974 33.9352762858073 33.8898205566406 33.844364827474 33.6838675944011 33.4083288574219 33.1327901204427 32.8572513834636 32.9007800292969 33.0506644694011 33.2005489095052 33.3504333496094 33.0899320475261 32.8294307454427 32.5689294433594 32.4042291259766 32.5269317626953 32.6496343994141 32.7723370361328 -9999 -9999 -9999 -9999 33.1840222167969 33.0006213378906 32.8172204589844 32.6338195800781 33.0630057779948 33.4921919759115 33.9213781738281 34.2299857584636 34.1768575032552 34.1237292480469 34.0706009928386 33.3648034667969
29.888720703125 30.7289013671875 31.56908203125 32.0040266927084 32.0337353515625 32.0634440104167 32.0931526692709 -9999 -9999 -9999 -9999 -9999 31.5683837890625 31.5683837890625 31.6280253092448 31.866591389974 32.1051574707031 32.3437235514323 32.5807271321615 32.8161682128906 33.0516092936198 33.287050374349 33.5033239746094 33.7132084147136 33.9230928548177 34.1329772949219 34.2787943522136 34.4246114095052 34.5704284667969 34.6672937011719 34.6173034667969 34.5673132324219 34.5173229980469 34.3830806477865 34.1645861816407 33.9460917154948 33.727597249349 33.5920861816406 33.4842362467448 33.376386311849 33.2685363769531 33.1934777832032 33.1184191894531 33.0433605957031 32.9768414306641 32.9359405517578 32.8950396728516 32.8541387939453 -9999 -9999 -9999 -9999 33.3674230957031 33.4285567220052 33.4896903483073 33.5508239746094 33.9512894694011 34.3517549641927 34.7522204589844 34.8956213378906 34.2678283691407 33.6400354003907 33.0122424316407 31.658407796224
-9999 31.5435424804688 31.5435424804688 31.5435424804688 31.5435424804688 -9999 -9999 -9999 -9999 -9999 31.1370788574219 31.2520935058594 31.3671081542969 31.4821228027344 31.6525533040365 31.9892313639323 32.3259094238282 32.662587483724 32.9897033691406 33.3072570800781 33.6248107910156 33.9423645019531 34.2105285644531 34.4622294108073 34.7139302571615 34.9656311035156 35.072792561849 35.1799540201823 35.2871154785157 35.3538553873698 35.2993306477865 35.2448059082031 35.1902811686198 35.0822937011719 34.9208435058594 34.7593933105469 34.5979431152344 34.2833923339844 33.9178080240886 33.5522237141927 33.1866394042969 33.2970235188802 33.4074076334636 33.5177917480469 33.611430867513 33.6548350016276 33.6982391357422 33.7416432698568 -9999 -9999 -9999 -9999 34.1665588378906 34.266982014974 34.3674051920573 34.4678283691406 34.8395731608073 35.211317952474 35.5830627441406 35.5612569173177 34.3587992350261 33.1563415527344 31.9538838704427 29.9520121256511
-9999 31.5435424804688 31.5435424804688 31.5435424804688 31.5435424804688 -9999 -9999 -9999 -9999 -9999 31.1370788574219 31.3205798339844 31.5040808105469 31.6875817871094 31.8846431477865 32.1223856608073 32.3601281738281 32.597870686849 32.8653169759115 33.1624670410156 33.4596171061198 33.756767171224 34.0779528808594 34.4071504720052 34.7363480631511 35.0655456542969 35.1206595865886 35.1757735188802 35.2308874511719 35.2670357259115 35.2462870279948 35.2255383300781 35.2047896321615 35.0919600423177 34.8870495605469 34.6821390787761 34.4772285970052 34.1764123535156 33.8436275227865 33.5108426920573 33.1780578613281 33.3254536946615 33.4728495279948 33.6202453613281 33.7329624430339 33.7416432698568 33.7503240966797 33.7590049235026 -9999 -9999 -9999 -9999 33.9764074707031 33.8232954915365 33.6701835123698 33.5170715332032 34.1253137207031 34.7335559082031 35.3417980957031 35.6281319173177 34.9487406412761 34.2693493652344 33.5899580891927 31.8047920735677
-9999 -9999 -9999 -9999 -9999 -9999 -9999 -9999 -9999 31.1370788574219 31.1370788574219 31.3890661621094 31.6410534667969 31.8930407714844 32.1167329915365 32.2555399576823 32.3943469238281 32.533153889974 32.7409305826823 33.0176770019531 33.294423421224 33.5711698404948 33.9453771972656 34.3520715332031 34.7587658691406 35.1654602050781 35.1685266113281 35.1715930175781 35.1746594238281 35.1802160644531 35.1932434082031 35.2062707519531 35.2192980957031 35.1016263834636 34.8532556152344 34.6048848470052 34.3565140787761 34.0694323730469 33.7694470214844 33.4694616699219 33.1694763183594 33.3538838704427 33.5382914225261 33.7226989746094 33.8544940185547 33.828451538086 33.8024090576172 33.7763665771485 -9999 -9999 34.0912414550781 34.0912414550781 33.7862561035156 33.379608968099 32.9729618326823 32.5663146972656 33.411054280599 34.2557938639323 35.1005334472656 35.6950069173177 35.5386820475261 35.3823571777344 35.2260323079427 33.6575720214844
-9999 -9999 -9999 -9999 -9999 -9999 -9999 31.3886608886719 31.3429187011719 31.2971765136719 31.2514343261719 31.6169112141927 31.9823881022136 32.3478649902344 32.6461039225261 32.7426289876302 32.8391540527344 32.9356791178386 33.089413655599 33.3003576660156 33.5113016764323 33.722245686849 34.0618762207031 34.4444022623698 34.8269283040365 35.2094543457032 35.1880871582031 35.1667199707031 35.1453527832032 35.136806233724 35.1667215983073 35.1966369628907 35.226552327474 35.1064595540365 34.8363586425781 34.5662577311198 34.2961568196615 34.0159423828125 33.7323567708334 33.4487711588542 33.165185546875 33.3680989583334 33.5710123697917 33.77392578125 33.9261108398438 33.9261108398438 -9999 -9999 34.5152337646485 34.4414959716797 34.367758178711 34.2940203857422 33.9965148925781 33.6244201660157 33.2523254394531 32.8802307128907 33.7312805175781 34.5823303222656 35.4333801269532 36.0453348795573 35.9400044759115 35.8346740722656 35.7293436686198 34.6145292154948
-9999 -9999 -9999 -9999 -9999 -9999 -9999 31.4344030761719 31.4496504720052 31.4648978678386 31.4801452636719 32.0041149902344 32.5280847167969 33.0520544433594 33.4727559407552 33.5836527506511 33.6945495605469 33.8054463704427 33.9107661946615 34.0105090332031 34.1102518717448 34.2099947102865 34.4274499511719 34.6841426595052 34.9408353678386 35.1975280761719 35.1793412272136 35.1611543782552 35.1429675292969 35.136806233724 35.1667215983073 35.1966369628907 35.226552327474 35.1064595540365 34.8363586425781 34.5662577311198 34.2961568196615 34.0159423828125 33.7323567708334 33.4487711588542 33.165185546875 33.3680989583334 33.5710123697917 33.77392578125 -9999 -9999 -9999 -9999 34.5643922932943 34.5889715576172 34.6135508219401 34.638130086263 34.6071838378906 34.5577290852865 34.5082743326823 34.4588195800781 35.0859924316406 35.7131652832032 36.3403381347657 36.6791158040365 36.1527079264323 35.6263000488281 35.099892171224 34.675663655599
-9999 -9999 -9999 -9999 -9999 -9999 -9999 -9999 -9999 31.7088562011719 31.7088562011719 32.3913187662761 33.0737813313802 33.7562438964844 34.2994079589844 34.4246765136719 34.5499450683594 34.6752136230469 34.732118733724 34.7206604003906 34.7092020670573 34.697743733724 34.7930236816406 34.9238830566406 35.0547424316406 35.1856018066406 35.1856018066406 -9999 -9999 -9999 -9999 -9999 -9999 -9999 -9999 -9999 -9999 -9999 -9999 -9999 -9999 -9999 -9999 -9999 -9999 -9999 -9999 -9999 32.3632141113281 33.1785217285156 33.9938293457031 34.8091369628906 35.2178527832031 35.4910380045573 35.7642232259115 36.0374084472656 36.4407043457031 36.8440002441406 37.2472961425782 37.3128967285157 36.3654113769531 35.4179260253906 34.4704406738281 34.7367980957031
-9999 -9999 -9999 -9999 -9999 -9999 -9999 -9999 -9999 31.7088562011719 31.7088562011719 32.1721879069011 32.6355196126302 33.0988513183594 33.5408540852865 33.9188700358073 34.2968859863281 34.674901936849 34.8550899251302 34.8374499511719 34.8198099772136 34.8021700032552 34.8753283691406 34.9787528483073 35.082177327474 35.1856018066406 35.1856018066406 -9999 -9999 -9999 -9999 -9999 -9999 -9999 -9999 -9999 -9999 -9999 -9999 -9999 -9999 -9999 -9999 -9999 -9999 -9999 -9999 -9999 32.4604439290365 33.4702111816407 34.4799784342448 35.489745686849 36.0389587402344 36.4346537272136 36.8303487141927 37.2260437011719 36.7936494954427 36.3612552897136 35.9288610839844 35.5915938313802 35.5397074381511 35.4878210449219 35.4359346516927 35.1166589355469
27.8578735351563 -9999 -9999 -9999 -9999 -9999 -9999 -9999 -9999 -9999 31.7088562011719 31.9530570475261 32.1972578938802 32.4414587402344 32.7823002115886 33.4130635579427 34.0438269042969 34.6745902506511 34.9780611165365 34.9542395019531 34.9304178873698 34.9065962727865 34.9576330566406 35.033622639974 35.1096122233073 -9999 -9999 -9999 -9999 -9999 -9999 -9999 -9999 -9999 -9999 -9999 -9999 -9999 -9999 -9999 -9999 -9999 -9999 -9999 -9999 -9999 31.9555603027344 31.9555603027344 32.5576737467448 33.7619006347656 34.9661275227865 36.1703544108073 36.8600646972656 37.3782694498698 37.896474202474 38.4146789550781 37.1465946451823 35.8785103352865 34.6104260253906 33.8702909342448 34.714003499349 35.5577160644531 36.4014286295573 35.4965197753906
27.8578735351563 -9999 -9999 -9999 -9999 -9999 -9999 -9999 -9999 -9999 -9999 -9999 32.2137390136719 32.2137390136719 32.4030232747396 33.1601603190104 33.9172973632813 34.6744344075521 35.0395467122396 35.0126342773438 34.9857218424479 34.9588094075521 34.9520812988281 34.9520812988281 -9999 -9999 -9999 -9999 -9999 -9999 -9999 -9999 -9999 -9999 -9999 -9999 -9999 -9999 -9999 -9999 -9999 -9999 -9999 -9999 33.2364343261719 33.0229553222656 32.8094763183594 32.5959973144531 33.0468587239584 34.162060546875 35.2772623697917 36.3924641927084 36.8672290039063 37.1285148111979 37.3898006184896 37.6510864257813 36.1627449544271 34.6744034830729 33.1860620117188 32.3821993001302 33.6317728678386 34.8813464355469 36.1309200032552 35.3215539550781
-9999 -9999 -9999 -9999 -9999 -9999 -9999 -9999 -9999 -9999 -9999 -9999 -9999 -9999 32.4030232747396 33.1601603190104 33.9172973632813 34.6744344075521 35.0395467122396 35.0126342773438 34.9857218424479 34.9588094075521 -9999 -9999 -9999 -9999 -9999 -9999 -9999 -9999 -9999 -9999 -9999 -9999 -9999 -9999 -9999 -9999 -9999 -9999 -9999 -9999 -9999 -9999 33.3075939941406 33.3787536621094 33.4499133300781 33.5210729980469 33.9279988606771 34.6706909179688 35.4133829752604 36.1560750325521 36.0604516601563 35.6853898111979 35.3103279622396 34.9352661132813 33.8421004231771 32.7489347330729 31.6557690429688 31.1273189290365 32.2930155436198 33.4587121582031 34.6244087727865 34.5917614746094
-9999 -9999 -9999 -9999 -9999 -9999 -9999 -9999 -9999 -9999 -9999 -9999 -9999 -9999 -9999 -9999 -9999 -9999 -9999 -9999 -9999 -9999 -9999 -9999 -9999 -9999 -9999 -9999 -9999 -9999 -9999 -9999 -9999 -9999 -9999 -9999 -9999 -9999 -9999 -9999 -9999 -9999 -9999 -9999 35.0596110026042 34.9351643880209 34.8107177734375 34.6862711588542 34.8091389973959 35.1793212890625 35.5495035807292 35.9196858723959 35.2536743164063 34.2422648111979 33.2308553059896 32.2194458007813 31.5214558919271 30.8234659830729 30.1254760742188 29.8724385579427 30.9542582194011 32.0360778808594 33.1178975423177 33.8619689941407
-9999 -9999 -9999 -9999 -9999 -9999 -9999 -9999 -9999 -9999 -9999 -9999 -9999 -9999 -9999 -9999 -9999 -9999 -9999 -9999 -9999 -9999 -9999 -9999 -9999 -9999 -9999 -9999 -9999 -9999 -9999 -9999 -9999 -9999 -9999 -9999 -9999 -9999 -9999 -9999 -9999 -9999 -9999 -9999 35.0845003255209 35.0596110026042 35.0347216796875 35.0098323567709 35.1081331380209 35.3296240234375 35.5511149088542 35.7726057942709 36.2825952148438 36.8887508138021 37.4949064127604 38.1010620117188 35.8346411132813 33.5682202148438 31.3017993164063 30.2280350748698 32.7322408040365 35.2364465332032 37.7406522623698 39.2077412923177
-9999 -9999 -9999 -9999 -9999 -9999 -9999 -9999 -9999 -9999 -9999 -9999 -9999 -9999 -9999 -9999 -9999 -9999 -9999 -9999 -9999 -9999 -9999 -9999 -9999 -9999 -9999 -9999 -9999 -9999 -9999 -9999 -9999 -9999 -9999 -9999 -9999 -9999 -9999 -9999 -9999 -9999 -9999 -9999 35.1093896484375 35.1840576171875 35.2587255859375 35.3333935546875 35.4071272786459 35.4799267578125 35.5527262369792 35.6255257161459 37.3115161132813 39.5352368164063 41.7589575195313 43.9826782226563 40.1478263346354 36.3129744466146 32.4781225585938 30.5836315917969 34.5102233886719 38.4368151855469 42.3634069824219 44.5535135904948
-9999 -9999 -9999 -9999 -9999 -9999 -9999 -9999 -9999 -9999 -9999 -9999 -9999 -9999 -9999 -9999 -9999 -9999 -9999 -9999 -9999 -9999 -9999 -9999 -9999 -9999 -9999 -9999 -9999 -9999 -9999 -9999 -9999 -9999 -9999 -9999 -9999 -9999 -9999 -9999 -9999 -9999 -9999 -9999 -9999 -9999 35.5573974609375 35.5573974609375 35.5566243489584 35.555078125 35.5535319010417 35.5519856770834 37.8259765625 40.8584798177084 43.8909830729167 46.923486328125 46.923486328125 -9999 -9999 45.9579296875 46.1305541992188 46.3031787109375 46.4758032226563 46.8275150553386
