data/climate/sant/max_temp.asc
NCOLS 360 
NROWS 180 
XLLCORNER -180 
YLLCORNER -90 
CELLSIZE 1 
NODATA_value -9999 
[rows 56 to 83 of 180, columns 256 to 319 of 360]
46.6912512207032 47.3527567545573 48.0142622884115 48.5297534179688 48.9965730794271 49.4633927408854 49.9302124023438 49.9319767252604 49.9337410481771 49.9355053710938 49.9127132161459 49.8162516276042 49.7197900390625 49.6233284505209 48.5252571614584 46.425576171875 44.3258951822917 42.2262141927084 42.2264416503907 42.9266385904948 43.626835530599 44.3270324707031 44.5407824707031 44.7545324707031 44.9682824707031 45.5132430013021 47.0518351236979 48.5904272460938 50.1290193684896 50.8180533854167 50.657529296875 50.4970052083334 50.3364811197917 48.6476318359375 46.4493408203125 44.2510498046875 42.0527587890625 42.3314778645834 42.6101969401042 42.888916015625 -9999 -9999 -9999 -9999 -9999 -9999 -9999 -9999 -9999 -9999 -9999 -9999 -9999 -9999 -9999 -9999 -9999 -9999 -9999 -9999 -9999 -9999 -9999 -9999
46.0241882324219 46.8164001464844 47.6086120605469 48.3152709960938 48.9934122721354 49.6715535481771 50.3496948242188 50.7855346679688 51.2213745117188 51.6572143554688 51.9857991536459 51.9926188151042 51.9994384765625 52.0062581380209 50.6113932291667 47.81484375 45.0182942708334 42.2217447916667 42.1405700683594 42.9645202636719 43.7884704589844 44.6124206542969 45.3347351074219 46.0570495605469 46.7793640136719 47.6711059570313 49.0711303710938 50.4711547851563 51.8711791992188 52.2124674479167 51.49501953125 50.7775716145834 50.0601236979167 47.47900390625 44.27666015625 41.07431640625 37.87197265625 37.49951171875 37.12705078125 36.75458984375 -9999 -9999 -9999 -9999 -9999 -9999 -9999 -9999 -9999 -9999 -9999 -9999 -9999 -9999 -9999 -9999 -9999 -9999 -9999 -9999 -9999 -9999 -9999 -9999
46.0034924316407 46.8106913248698 47.617890218099 48.2740673828125 48.8799039713542 49.4857405598959 50.0915771484375 50.5267757161458 50.9619742838542 51.3971728515625 51.7426928710938 51.8191772460938 51.8956616210938 51.9721459960938 50.9459692382813 48.8171313476563 46.6882934570313 44.5594555664063 44.4784973144532 45.080165608724 45.6818339029948 46.2835021972656 46.354784749349 46.4260673014323 46.4973498535156 46.8875992838542 48.2347493489584 49.5818994140625 50.9290494791667 51.3381079101563 50.8090747070313 50.2800415039063 49.7510083007813 47.04591796875 43.6154752604167 40.1850325520834 36.75458984375 36.68009765625 36.60560546875 36.53111328125 -9999 -9999 -9999 -9999 -9999 -9999 -9999 -9999 -9999 -9999 -9999 -9999 -9999 -9999 -9999 -9999 -9999 -9999 -9999 -9999 -9999 -9999 -9999 -9999
45.9827966308594 46.8049825032552 47.6271683756511 48.2328637695313 48.7663956705729 49.2999275716146 49.8334594726563 50.2680167643229 50.7025740559896 51.1371313476563 51.4995865885417 51.6457356770834 51.791884765625 51.9380338541667 51.2805452473959 49.8194189453125 48.3582926432292 46.8971663411458 46.8164245605469 47.1958109537761 47.5751973470052 47.9545837402344 47.3748343912761 46.7950850423177 46.2153356933594 46.1040926106771 47.3983683268229 48.6926440429688 49.9869197591146 50.4637483723959 50.1231298828125 49.7825113932292 49.4418929036459 46.61283203125 42.9542903645834 39.2957486979167 35.63720703125 35.86068359375 36.08416015625 36.30763671875 -9999 -9999 -9999 -9999 -9999 -9999 -9999 -9999 -9999 -9999 -9999 -9999 -9999 -9999 -9999 -9999 -9999 -9999 -9999 -9999 -9999 -9999 -9999 -9999
46.2614489746094 47.0343607584636 47.8072725423177 48.3477172851563 48.8106730143229 49.2736287434896 49.7365844726563 50.1704842122396 50.6043839518229 51.0382836914063 51.3855839029948 51.473085530599 51.5605871582031 51.6480887858073 51.1510909016927 50.0695935058594 48.9880961100261 47.9065987141927 47.8241430664063 48.0747013346354 48.3252596028646 48.5758178710938 48.0503426106771 47.5248673502604 46.9993920898438 46.8246887207032 47.7023010253906 48.5799133300781 49.4575256347657 49.8086926269532 49.6334143066407 49.4581359863281 49.2828576660156 46.3210461425781 42.430390218099 38.5397342936198 34.6490783691406 34.4773034667969 34.3055285644531 34.1337536621094 -9999 -9999 -9999 -9999 -9999 -9999 -9999 -9999 -9999 -9999 -9999 -9999 -9999 -9999 -9999 -9999 -9999 -9999 -9999 -9999 -9999 -9999 -9999 -9999
46.8394494628907 47.4988260904948 48.158202718099 48.6186279296875 49.0127360026042 49.4068440755209 49.8009521484375 50.2341780598959 50.6674039713542 51.1006298828125 51.4006848144532 51.3012268066406 51.2017687988281 51.1023107910156 50.5576062011719 49.5676550292969 48.5777038574219 47.5877526855469 47.5016528320313 47.7168367513021 47.9320206705729 48.1472045898438 48.3813094075521 48.6154142252604 48.8495190429688 49.0493876139323 49.1465474446615 49.2437072753906 49.3408671061198 49.3729406738282 49.3399279785156 49.3069152832032 49.2739025878906 46.1705603027344 42.0437748209636 37.9169893391927 33.7902038574219 33.8474621582032 33.9047204589844 33.9619787597656 -9999 -9999 -9999 -9999 -9999 -9999 -9999 -9999 -9999 -9999 -9999 -9999 -9999 -9999 -9999 -9999 -9999 -9999 -9999 -9999 -9999 -9999 -9999 -9999
47.4174499511719 47.9632914225261 48.5091328938802 48.8895385742188 49.2147989908854 49.5400594075521 49.8653198242188 50.2978719075521 50.7304239908854 51.1629760742188 51.4157857259115 51.1293680826823 50.8429504394531 50.556532796224 49.9641215006511 49.0657165527344 48.1673116048177 47.2689066569011 47.1791625976563 47.3589721679688 47.5387817382813 47.7185913085938 48.7122762044271 49.7059611002604 50.6996459960938 51.2740865071615 50.5907938639323 49.9075012207032 49.224208577474 48.9371887207031 49.0464416503906 49.1556945800781 49.2649475097656 46.0200744628906 41.6571594238281 37.2942443847656 32.9313293457031 33.3564270019532 33.7815246582032 34.2066223144531 -9999 -9999 -9999 -9999 -9999 -9999 -9999 -9999 -9999 -9999 -9999 -9999 -9999 -9999 -9999 -9999 -9999 -9999 -9999 -9999 -9999 -9999 -9999 -9999
47.8764245605469 48.2421000162761 48.6077754720052 48.9274755859375 49.2318505859375 49.5362255859375 49.8406005859375 50.1592985026042 50.4779964192709 50.7966943359375 50.9332670084636 50.5234639485677 50.1136608886719 49.7038578287761 49.1277844238281 48.3854406738281 47.6430969238281 46.9007531738281 46.9380712890625 47.2352766927084 47.5324820963542 47.8296875 48.4555859375 49.081484375 49.7073828125 49.902226155599 48.8039042154948 47.7055822753907 46.6072603352865 46.0346756998698 45.9878283691407 45.9409810384115 45.8941337076823 43.5472619628906 40.4337154134115 37.3201688639323 34.2066223144531 34.2916418457031 34.3766613769532 34.4616809082031 -9999 -9999 -9999 -9999 -9999 -9999 -9999 -9999 -9999 -9999 -9999 -9999 -9999 -9999 -9999 -9999 -9999 -9999 -9999 -9999 -9999 -9999 -9999 -9999
48.3353991699219 48.5209086100261 48.7064180501302 48.9654125976563 49.2489021809896 49.5323917643229 49.8158813476563 50.0207250976563 50.2255688476563 50.4304125976563 50.4507482910156 49.9175598144531 49.3843713378906 48.8511828613281 48.2914473470052 47.7051647949219 47.1188822428386 46.5325996907552 46.6969799804688 47.1115812174479 47.5261824544271 47.9407836914063 48.1988956705729 48.4570076497396 48.7151196289063 48.5303658040365 47.0170145670573 45.5036633300781 43.990312093099 43.1321626790365 42.9292150878907 42.7262674967448 42.523319905599 41.0744494628906 39.2102714029948 37.346093343099 35.4819152832032 35.2268566894531 34.9717980957032 34.7167395019531 -9999 -9999 -9999 -9999 -9999 -9999 -9999 -9999 -9999 -9999 -9999 -9999 -9999 -9999 -9999 -9999 -9999 -9999 -9999 -9999 -9999 -9999 -9999 -9999
48.6087438964844 48.6082214355469 48.6076989746094 48.7037524414063 48.8319978841146 48.9602433268229 49.0884887695313 49.2309741210938 49.3734594726563 49.5159448242188 49.5009029134115 49.0132792154948 48.5256555175781 48.0380318196615 47.4748832194011 46.8362097167969 46.1975362141927 45.5588627115886 45.8731872558594 46.5051778157552 47.1371683756511 47.7691589355469 46.9496162923177 46.1300736490886 45.3105310058594 44.4803198242188 43.6181030273438 42.7558862304688 41.8936694335938 41.32998046875 41.0648193359375 40.799658203125 40.5344970703125 39.5984777832032 38.4388391113282 37.2792004394531 36.1195617675781 36.1195617675781 -9999 -9999 -9999 -9999 -9999 -9999 -9999 -9999 -9999 -9999 -9999 -9999 -9999 -9999 -9999 -9999 -9999 -9999 -9999 -9999 -9999 -9999 -9999 -9999 -9999 -9999
48.6964587402344 48.5040384928386 48.3116182454427 48.1424951171875 47.9811376953125 47.8197802734375 47.6584228515625 47.7900455729167 47.9216682942709 48.053291015625 48.0837308756511 47.8106221516927 47.5375134277344 47.2644047037761 46.6780920410157 45.7785754394531 44.8790588378907 43.9795422363282 44.4666931152344 45.4160664876302 46.3654398600261 47.3148132324219 44.7077478027344 42.1006823730469 39.4936169433594 37.7520882161459 38.6071695963542 39.4622509765625 40.3173323567709 40.6281290690104 40.3946411132813 40.1611531575521 39.9276652018229 39.1193469238281 38.1194185384115 37.1194901529948 -9999 -9999 -9999 -9999 -9999 -9999 -9999 -9999 -9999 -9999 -9999 -9999 -9999 -9999 -9999 -9999 -9999 -9999 -9999 -9999 -9999 -9999 -9999 -9999 -9999 -9999 -9999 -9999
48.7841735839844 48.3998555501302 48.0155375162761 47.5812377929688 47.1302775065104 46.6793172200521 46.2283569335938 46.3491170247396 46.4698771158854 46.5906372070313 46.6665588378906 46.6079650878906 46.5493713378906 46.4907775878906 45.8813008626302 44.7209411621094 43.5605814615886 42.4002217610677 43.0601989746094 44.3269551595052 45.5937113444011 46.8604675292969 42.4658793131511 38.0712910970052 33.6767028808594 31.0238566080729 33.5962361653646 36.1686157226563 38.7409952799479 39.9262776692709 39.724462890625 39.5226481119792 39.3208333333333 39.2703796386719 39.2703796386719 -9999 -9999 -9999 -9999 -9999 -9999 -9999 -9999 -9999 -9999 -9999 -9999 -9999 -9999 -9999 -9999 -9999 -9999 -9999 -9999 -9999 -9999 -9999 -9999 -9999 -9999 -9999 -9999 -9999
49.2625500488281 49.1000549316406 48.9375598144532 48.4648876953125 47.8888232421875 47.3127587890625 46.7366943359375 45.662001953125 44.5873095703125 43.5126171875 42.5861975097656 42.1045959472657 41.6229943847656 41.1413928222657 40.7063724772136 40.3179333496094 39.9294942220052 39.5410550944011 39.9373254394531 40.595165608724 41.2530057779948 41.9108459472656 40.5547049967448 39.198564046224 37.8424230957032 37.0554370117188 37.9759155273438 38.8963940429688 39.8168725585938 40.142880859375 39.8744189453125 39.60595703125 39.3374951171875 39.2703796386719 39.2703796386719 -9999 -9999 -9999 -9999 -9999 -9999 -9999 -9999 -9999 -9999 -9999 -9999 -9999 -9999 -9999 -9999 -9999 -9999 -9999 -9999 -9999 -9999 -9999 -9999 -9999 -9999 -9999 -9999 -9999
49.7409265136719 49.8002543131511 49.8595821126302 49.3485375976563 48.6473689778646 47.9462003580729 47.2450317382813 44.9748868815104 42.7047420247396 40.4345971679688 38.5058361816406 37.6012268066406 36.6966174316406 35.7920080566406 35.5314440917969 35.9149255371094 36.2984069824219 36.6818884277344 36.8144519042969 36.8633760579427 36.9123002115886 36.9612243652344 38.6435306803386 40.3258369954427 42.0081433105469 43.0870174153646 42.3555948893229 41.6241723632813 40.8927498372396 40.3594840494792 40.024375 39.6892659505209 39.3541569010417 -9999 -9999 -9999 -9999 -9999 -9999 -9999 -9999 -9999 -9999 -9999 -9999 -9999 -9999 -9999 -9999 -9999 -9999 -9999 -9999 -9999 -9999 -9999 -9999 -9999 -9999 -9999 -9999 -9999 -9999 -9999
49.85712890625 49.9453776041667 50.0336263020834 49.4909509277344 48.7379675292969 47.9849841308594 47.2320007324219 44.6709427897136 42.1098848470052 39.5488269042969 37.3141691080729 36.0587117513021 34.8032543945313 33.5477970377604 33.1414453125 33.58419921875 34.026953125 34.46970703125 34.9608508300781 35.468124593099 35.9753983561198 36.4826721191406 38.3634159342448 40.244159749349 42.1249035644531 43.3717268880209 42.7167887369792 42.0618505859375 41.4069124348959 41.164931640625 41.335908203125 41.506884765625 41.677861328125 -9999 -9999 -9999 -9999 -9999 -9999 -9999 -9999 -9999 -9999 -9999 -9999 -9999 -9999 -9999 -9999 -9999 -9999 -9999 -9999 -9999 -9999 -9999 -9999 -9999 -9999 -9999 -9999 -9999 -9999 -9999
49.6111572265625 49.5354248046875 49.4596923828125 48.8921276855469 48.1606188964844 47.4291101074219 46.6976013183594 44.7501696777344 42.8027380371094 40.8553063964844 39.0111962890625 37.47705078125 35.9429052734375 34.408759765625 33.5363761393229 33.3257543945313 33.1151326497396 32.9045109049479 34.3765222167969 36.4094112141927 38.4423002115886 40.4751892089844 39.7143607584636 38.9535323079427 38.1927038574219 37.9095654296875 39.0594970703125 40.2094287109375 41.3593603515625 41.905830078125 41.848837890625 41.791845703125 41.734853515625 -9999 -9999 -9999 -9999 -9999 -9999 -9999 -9999 -9999 38.5241943359375 38.5241943359375 38.5241943359375 38.5241943359375 -9999 -9999 -9999 -9999 -9999 -9999 -9999 -9999 -9999 -9999 -9999 -9999 -9999 -9999 -9999 -9999 -9999 -9999
-9999 48.825830078125 48.825830078125 48.2933044433594 47.5832702636719 46.8732360839844 46.1632019042969 44.8293965657552 43.4955912272136 42.1617858886719 40.7082234700521 38.8953898111979 37.0825561523438 35.2697224934896 33.9313069661459 33.0673095703125 32.2033121744792 31.3393147786459 33.7921936035156 37.3506978352865 40.9092020670573 44.4677062988281 41.0653055826823 37.6629048665365 34.2605041503906 32.4474039713542 35.4022054036459 38.3570068359375 41.3118082682292 41.7916585286459 39.7965576171875 37.8014567057292 35.8063557942709 -9999 -9999 -9999 -9999 -9999 -9999 -9999 35.4953328450521 36.3607218424479 37.2261108398438 38.0914998372396 38.0914998372396 37.2261108398438 36.3607218424479 35.4953328450521 -9999 -9999 -9999 -9999 -9999 -9999 -9999 -9999 -9999 -9999 -9999 -9999 -9999 -9999 -9999 -9999
-9999 48.825830078125 48.825830078125 48.2933044433594 47.5832702636719 46.8732360839844 46.1632019042969 44.8069551595052 43.4507084147136 42.0944616699219 40.7705704752604 39.5437459309896 38.3169213867188 37.0900968424479 35.8909635416667 34.719521484375 33.5480794270834 32.3766373697917 33.4196325683594 35.2007735188802 36.9819144694011 38.7630554199219 37.5610453287761 36.3590352376302 35.1570251464844 34.765361328125 36.804736328125 38.844111328125 40.883486328125 41.0237613932292 39.2649365234375 37.5061116536459 35.7472867838542 -9999 -9999 -9999 -9999 -9999 -9999 -9999 35.3222550455729 35.4953328450521 35.6684106445313 35.8414884440104 35.8414884440104 35.6684106445313 35.4953328450521 35.3222550455729 -9999 -9999 -9999 -9999 -9999 -9999 -9999 -9999 -9999 -9999 -9999 -9999 -9999 -9999 -9999 -9999
-9999 -9999 -9999 48.2933044433594 47.5832702636719 46.8732360839844 46.1632019042969 44.7845137532552 43.4058256022136 42.0271374511719 40.8329174804688 40.1921020507813 39.5512866210938 38.9104711914063 37.8506201171875 36.3717333984375 34.8928466796875 33.4139599609375 33.0470715332031 33.050849202474 33.0546268717448 33.0584045410156 34.0567850748698 35.055165608724 36.0535461425781 37.0833186848959 38.2072672526042 39.3312158203125 40.4551643880209 40.2558642578125 38.7333154296875 37.2107666015625 35.6882177734375 35.3075805664063 35.3075805664063 -9999 -9999 -9999 -9999 -9999 35.1491772460938 34.6299438476563 34.1107104492188 33.5914770507813 33.5914770507813 34.1107104492188 34.6299438476563 35.1491772460938 -9999 -9999 -9999 -9999 -9999 -9999 -9999 -9999 -9999 -9999 -9999 -9999 -9999 -9999 -9999 -9999
-9999 -9999 -9999 -9999 -9999 -9999 -9999 -9999 40.9510437011719 40.9510437011719 40.8640909830729 40.5162801106771 40.1684692382813 39.8206583658854 38.9122477213542 37.4432373046875 35.9742268880209 34.5052164713542 33.5516088867188 32.7698022460938 31.9879956054688 31.2061889648438 32.7679825846354 34.3297762044271 35.8915698242188 37.3104239908854 38.3004597981771 39.2904956054688 40.2805314127604 40.1077514648438 38.7721557617188 37.4365600585938 36.1009643554688 35.9049108886719 36.0887048339844 36.2724987792969 -9999 -9999 -9999 -9999 32.4946020507813 32.4177978515625 32.3409936523438 32.264189453125 32.7361356608073 33.7568322753907 34.777528889974 35.7982255045573 -9999 -9999 -9999 -9999 -9999 -9999 -9999 -9999 -9999 -9999 -9999 -9999 -9999 -9999 -9999 -9999
-9999 -9999 -9999 -9999 -9999 -9999 -9999 -9999 -9999 -9999 40.8640909830729 40.5162801106771 40.1684692382813 39.8206583658854 39.0758463541667 37.934033203125 36.7922200520834 35.6504069010417 34.9332446289063 34.3576326497396 33.7820206705729 33.2064086914063 33.6946378580729 34.1828670247396 34.6710961914063 35.4466772460938 37.0843139648438 38.7219506835938 40.3595874023438 40.5794230143229 39.3814575195313 38.1834920247396 36.9855265299479 36.6400866699219 36.5788220214844 36.5175573730469 -9999 -9999 -9999 -9999 32.5202034505209 32.5458048502604 32.57140625 32.5970076497396 33.0689538574219 33.9872448730469 34.9055358886719 35.8238269042969 36.0533996582031 36.0533996582031 -9999 -9999 -9999 -9999 -9999 -9999 -9999 -9999 -9999 -9999 -9999 -9999 -9999 -9999
31.9745544433594 34.1482686360677 36.3219828287761 37.7923889160156 39.028358968099 40.2643290201823 -9999 -9999 -9999 -9999 -9999 -9999 -9999 -9999 -9999 -9999 36.591943359375 36.591943359375 36.3148803710938 35.9454630533854 35.5760457356771 35.2066284179688 34.6212931315104 34.0359578450521 33.4506225585938 33.5829305013021 35.8681681315104 38.1534057617188 40.4386433919271 41.0510945638021 39.9907592773438 38.9304239908854 37.8700887044271 37.6050048828125 37.6050048828125 -9999 -9999 -9999 -9999 -9999 34.8702514648438 34.334130859375 33.7980102539063 33.2618896484375 33.4017720540365 34.2176574707031 35.0335428873698 35.8494283040365 35.8616302490235 35.6059377034506 35.3502451578776 -9999 -9999 -9999 -9999 -9999 -9999 -9999 -9999 -9999 -9999 -9999 -9999 -9999
31.9745544433594 34.1482686360677 36.3219828287761 37.7923889160157 39.028358968099 40.2643290201823 -9999 -9999 -9999 -9999 -9999 -9999 -9999 -9999 -9999 -9999 36.591943359375 36.591943359375 36.4091333007813 36.1653865559896 35.9216398111979 35.6778930664063 35.4460538736979 35.2142146809896 34.9823754882813 35.2015104166667 36.7735677083334 38.345625 39.9176822916667 40.2905501302084 39.464228515625 38.6379069010417 37.8115852864584 37.6050048828125 37.6050048828125 -9999 -9999 -9999 -9999 -9999 34.9774755859375 34.8702514648438 34.76302734375 34.6558032226563 34.6934086100261 34.8758435058594 35.0582784016927 35.2407132975261 35.2479681396485 35.1968296305339 35.1456911214193 -9999 -9999 -9999 -9999 -9999 -9999 -9999 -9999 -9999 -9999 -9999 -9999 -9999
31.9745544433594 34.1482686360677 36.3219828287761 37.7923889160157 39.028358968099 40.2643290201823 41.5002990722656 41.5002990722656 -9999 -9999 -9999 -9999 -9999 -9999 -9999 -9999 -9999 -9999 36.5033862304688 36.3853100585938 36.2672338867188 36.1491577148438 36.2708146158854 36.3924715169271 36.5141284179688 36.8200903320313 37.6789672851563 38.5378442382813 39.3967211914063 39.5300056966146 38.9376977539063 38.3453898111979 37.7530818684896 -9999 -9999 -9999 -9999 -9999 -9999 -9999 35.0846997070313 35.4063720703125 35.7280444335938 36.049716796875 35.9850451660156 35.5340295410156 35.0830139160156 34.6319982910156 34.6343060302735 34.7877215576172 34.941137084961 -9999 -9999 -9999 -9999 -9999 -9999 -9999 -9999 -9999 -9999 -9999 -9999 -9999
31.9745544433594 34.1482686360677 36.3219828287761 37.7923889160157 39.028358968099 40.2643290201823 41.5002990722656 40.0506652832031 38.6010314941406 37.1513977050782 36.4295471191407 37.8910461425781 39.3525451660157 40.8140441894531 -9999 -9999 -9999 -9999 -9999 -9999 36.3847900390625 36.3847900390625 36.6724739583334 36.9601578776042 37.247841796875 37.5918566894532 38.1048645019532 38.6178723144532 39.1308801269532 39.3873840332031 39.3873840332031 -9999 -9999 -9999 -9999 -9999 -9999 -9999 -9999 -9999 36.5295629882813 36.6104248046875 36.6912866210938 36.7721484375 36.4556628417969 35.7418298339844 35.0279968261719 34.3141638183594 34.1357055664063 34.1357055664063 -9999 -9999 -9999 -9999 -9999 -9999 -9999 -9999 -9999 -9999 -9999 -9999 -9999 -9999
31.9745544433594 34.1482686360677 36.3219828287761 37.7923889160156 39.028358968099 40.2643290201823 41.5002990722656 40.0506652832032 38.6010314941406 37.1513977050782 36.4295471191407 37.8910461425781 39.3525451660157 40.8140441894531 41.5447937011719 41.5447937011719 -9999 -9999 -9999 -9999 -9999 36.3847900390625 36.6510319010417 36.9172737630209 37.183515625 37.5168094889323 38.051259358724 38.5857092285157 39.1201590983073 -9999 -9999 -9999 -9999 -9999 -9999 -9999 -9999 -9999 -9999 -9999 36.5026090494792 36.4756551106771 36.448701171875 36.4217472330729 36.1052616373698 35.4992443847656 34.8932271321615 34.2872098795573 -9999 -9999 -9999 -9999 -9999 -9999 -9999 -9999 -9999 -9999 -9999 -9999 -9999 -9999 -9999 -9999
-9999 -9999 -9999 -9999 -9999 -9999 -9999 -9999 36.0641723632813 36.0641723632813 36.4295471191407 37.8910461425781 39.3525451660157 40.8140441894531 40.3199279785157 37.8701965332031 35.4204650878906 32.9707336425781 33.024267578125 33.9122233072917 34.8001790364584 35.688134765625 36.1187093098959 36.5492838541667 36.9798583984375 37.3027893066406 37.3027893066406 -9999 -9999 -9999 -9999 -9999 -9999 -9999 -9999 -9999 -9999 -9999 -9999 -9999 35.83447265625 35.8828979492188 35.9313232421875 35.9797485351563 35.9123555501302 35.7291442871094 35.5459330240886 35.3627217610677 34.5507690429688 33.5292358398438 32.5077026367188 -9999 -9999 -9999 -9999 -9999 -9999 -9999 -9999 -9999 -9999 -9999 -9999 -9999
-9999 -9999 -9999 -9999 -9999 -9999 -9999 -9999 36.0641723632813 36.0641723632813 36.4295471191406 37.8910461425781 39.3525451660157 40.8140441894531 40.3199279785157 37.8701965332031 35.4204650878906 32.9707336425781 33.024267578125 33.9122233072917 34.8001790364584 35.688134765625 36.1187093098959 36.5492838541667 36.9798583984375 37.3027893066406 37.3027893066406 -9999 -9999 -9999 -9999 -9999 -9999 -9999 -9999 -9999 -9999 -9999 -9999 -9999 35.8247875976563 35.83447265625 35.8441577148438 35.8538427734375 35.7864497884115 35.6419787597656 35.4975077311198 35.353036702474 34.5507690429688 33.5292358398438 32.5077026367188 -9999 -9999 -9999 -9999 -9999 -9999 -9999 -9999 -9999 -9999 -9999 -9999 -9999
