data/climate/sant/max_temp.asc
NCOLS 360 
NROWS 180 
XLLCORNER -180 
YLLCORNER -90 
CELLSIZE 1 
NODATA_value -9999 
[rows 112 to 139 of 180, columns 128 to 191 of 360]
30.2445302327474 29.372016398112 28.4995025634766 29.0303344726563 33.7712036132813 38.5120727539063 43.2529418945313 45.2382609049479 44.4680297851563 43.6977986653646 42.9275675455729 42.574609375 42.3607421875 42.146875 41.9330078125 41.9952880859375 42.057568359375 42.1198486328125 41.7882425944011 40.2749776204427 38.7617126464844 37.2484476725261 36.2338399251302 35.7178894042969 35.2019388834636 34.6859883626302 34.7976623535156 35.118544514974 35.4394266764323 35.7603088378906 35.9402893066407 36.1202697753907 36.3002502441406 36.4028625488281 36.2733703613281 36.1438781738281 36.0143859863281 -9999 -9999 -9999 -9999 -9999 -9999 -9999 -9999 -9999 -9999 -9999 -9999 -9999 -9999 -9999 49.232568359375 48.9824462890625 48.73232421875 48.4822021484375 49.2479248046875 50.3522623697917 51.4565999348959 52.5609375 53.1258707682292 53.6908040364584 54.2557373046875 54.6142211914063
30.9425413004557 30.7680385335287 30.5935357666016 31.1330159505209 33.8144449869792 36.4958740234375 39.1773030598959 40.8077913411459 41.3873388671875 41.9668863932292 42.5464339192709 43.1627709960938 43.7913712565104 44.4199715169271 45.0485717773438 44.0208520507813 42.9931323242188 41.9654125976563 40.9586372884115 40.0146952311198 39.0707531738282 38.1268111165365 37.2071936035156 36.3119006347656 35.4166076660157 34.5213146972657 34.3080676269532 34.3221691894531 34.3362707519532 34.3503723144532 34.8027421061198 35.2551118977865 35.7074816894531 36.0402844238281 36.0143859863282 35.9884875488281 35.9625891113281 -9999 -9999 -9999 -9999 -9999 -9999 -9999 -9999 -9999 -9999 -9999 -9999 -9999 -9999 -9999 49.3326171875 49.2825927734375 49.232568359375 49.1825439453125 49.86853515625 50.7998649088542 51.7311946614584 52.6625244140625 53.010380859375 53.3582373046875 53.70609375 53.9036490885417
31.6405523681641 32.1640606689453 32.6875689697266 33.2356974283854 33.8576863606771 34.4796752929688 35.1016642252604 36.3773217773438 38.3066479492188 40.2359741210938 42.1653002929688 43.7509326171875 45.2220003255209 46.6930680338542 48.1641357421875 46.046416015625 43.9286962890625 41.8109765625 40.1290319824219 39.7544128417969 39.3797937011719 39.0051745605469 38.1805472819011 36.9059118652344 35.6312764485677 34.3566410319011 33.8184729003907 33.5257938639323 33.233114827474 32.9404357910157 33.665194905599 34.3899540201823 35.1147131347656 35.6777062988281 35.7554016113281 35.8330969238282 35.9107922363281 -9999 -9999 -9999 -9999 -9999 -9999 -9999 -9999 -9999 -9999 -9999 -9999 -9999 -9999 -9999 49.432666015625 49.5827392578125 49.7328125 49.8828857421875 50.4891455078125 51.2474674479167 52.0057893880209 52.764111328125 52.8948909505209 53.0256705729167 53.1564501953125 53.1930769856771
32.0992608642578 32.5353961181641 32.9715313720703 33.3668375651042 33.6396565755209 33.9124755859375 34.1852945963542 35.6560652669271 38.3247875976563 40.9935099283854 43.6622322591146 45.4380322265625 46.91619140625 48.3943505859375 49.872509765625 47.1646012369792 44.4566927083334 41.7487841796875 39.6921219889323 39.589198811849 39.4862756347656 39.3833524576823 38.6279545084636 37.2200817871094 35.8122090657552 34.4043363444011 33.5962438964844 32.9880782063802 32.3799125162761 31.7717468261719 32.7563594563802 33.7409720865886 34.7255847167969 35.4640441894531 35.4640441894531 -9999 -9999 -9999 -9999 -9999 -9999 -9999 -9999 -9999 -9999 -9999 -9999 -9999 -9999 -9999 -9999 -9999 48.2610052490235 48.6148455810547 48.968685913086 49.3225262451172 50.0272326660156 50.8488944498698 51.670556233724 52.4922180175781 52.5293518066406 52.5664855957031 52.6036193847657 52.5990234375
31.5177471923828 31.3723687744141 31.2269903564453 31.5264363606771 33.1603556315104 34.7942749023438 36.4281941731771 38.6440218098959 41.4417578125 44.2394938151042 47.0372298177084 48.2240698242188 48.8739444986979 49.5238191731771 50.1736938476563 47.3754077148438 44.5771215820313 41.7788354492188 39.6479073079427 39.5190531412761 39.3901989746094 39.2613448079427 38.5494152832032 37.2544104003906 35.9594055175781 34.6644006347656 33.6413806152344 32.7090222167969 31.7766638183594 30.8443054199219 32.0762357584636 33.3081660970052 34.5400964355469 -9999 -9999 -9999 -9999 -9999 -9999 -9999 -9999 -9999 -9999 -9999 -9999 -9999 -9999 -9999 -9999 -9999 -9999 -9999 48.025111694336 47.9071649169922 47.7892181396485 47.6712713623047 48.4827966308594 49.6041459147136 50.7254951985677 51.8468444824219 51.9137634277344 51.9806823730469 52.0476013183594 52.1214884440104
27.6131378173828 28.0946441650391 28.5761505126953 29.68603515625 32.6810546875 35.67607421875 38.67109375 41.6319783528646 44.5587280273438 47.4854777018229 50.4122273763021 51.010107421875 50.8316975911459 50.6532877604167 50.4748779296875 47.5862141927084 44.6975504557292 41.80888671875 39.6036926269531 39.4489074707031 39.2941223144531 39.1393371582031 38.4708760579427 37.2887390136719 36.1066019694011 34.9244649251302 33.6865173339844 32.4299662272136 31.1734151204427 29.9168640136719 29.9168640136719 -9999 -9999 -9999 -9999 -9999 -9999 -9999 -9999 -9999 -9999 -9999 -9999 -9999 -9999 -9999 -9999 -9999 -9999 -9999 -9999 -9999 48.7535990397136 47.8671325683594 46.9806660970052 46.0941996256511 46.9383605957032 48.3593973795573 49.7804341634115 51.2014709472656 51.2981750488281 51.3948791503906 51.4915832519531 51.6439534505209
27.2279327392578 27.3242340087891 27.4205352783203 28.3432535807292 31.7452229817709 35.1471923828125 38.5491617838542 41.6552693684896 44.4655151367188 47.2757609049479 50.0860066731771 50.5918334960938 50.3295206705729 50.0672078450521 49.8048950195313 47.4976049804688 45.1903149414063 42.8830249023438 40.8333622233073 39.556581624349 38.2798010253906 37.0030204264323 36.2386348470052 35.9866442871094 35.7346537272136 35.4826631673177 34.3191052246094 32.8516914876302 31.3842777506511 29.9168640136719 29.9168640136719 -9999 -9999 -9999 -9999 -9999 -9999 -9999 -9999 -9999 -9999 -9999 -9999 -9999 -9999 -9999 -9999 -9999 -9999 -9999 -9999 -9999 48.9691377766927 48.5137487792969 48.0583597819011 47.6029707845052 48.2209143066407 49.1966353352865 50.1723563639323 51.1480773925781 51.3023889160156 51.4567004394531 51.6110119628906 51.7243416341146
26.8427276611328 26.5538238525391 26.2649200439453 27.0004720052084 30.8093912760417 34.618310546875 38.4272298177084 41.6785603841146 44.3723022460938 47.0660441080729 49.7597859700521 50.1735595703125 49.82734375 49.4811279296875 49.134912109375 47.4089957682292 45.6830794270834 43.9571630859375 42.0630318196615 39.6642557779948 37.2654797363281 34.8667036946615 34.0063936360677 34.6845495605469 35.3627054850261 36.0408614095052 34.9516931152344 33.2734167480469 31.5951403808594 -9999 -9999 -9999 -9999 -9999 -9999 -9999 -9999 -9999 -9999 -9999 -9999 -9999 -9999 -9999 -9999 -9999 -9999 -9999 -9999 -9999 49.1968322753906 49.1968322753906 49.1846765136719 49.1603649902344 49.1360534667969 49.1117419433594 49.5034680175782 50.0338732910156 50.5642785644531 51.0946838378906 51.3066027832031 51.5185217285156 51.7304406738281 51.8047298177083
25.7366387939453 25.6584185791016 25.5801983642578 26.5478434244792 30.6530843098959 34.7583251953125 38.8635660807292 42.1226961263021 44.5357153320313 46.9487345377604 49.3617537434896 49.7255725097656 49.4063244628907 49.0870764160156 48.7678283691406 47.1115669759115 45.4553055826823 43.7990441894531 41.8462715657552 39.0039652506511 36.1616589355469 33.3193526204427 32.5258752441407 33.7812268066406 35.0365783691406 36.2919299316406 36.6057678222656 36.6057678222656 -9999 -9999 -9999 -9999 -9999 -9999 -9999 -9999 -9999 -9999 -9999 -9999 -9999 -9999 -9999 -9999 -9999 -9999 -9999 -9999 45.9592199707031 46.4988220214844 47.0384240722656 47.5780261230469 48.0858390299479 48.5618627929688 49.0378865559896 49.5139103190104 49.837021484375 50.1091617838542 50.3813020833334 50.6534423828125 50.9305289713542 51.2076155598959 51.4847021484375 51.534423421224
25.840932413737 25.8670058186849 25.8930792236328 26.9853678385417 31.2763020833334 35.567236328125 39.8581705729167 42.9876765950521 44.9557543945313 46.9238321940104 48.8919099934896 49.2478723144531 49.0664628092448 48.8850533040365 48.7036437988282 46.6053186035156 44.5069934082032 42.4086682128906 40.1830814615886 37.5757100423177 34.9683386230469 32.3609672037761 31.797079671224 33.2766760253906 34.7562723795573 36.235868733724 -9999 -9999 -9999 -9999 -9999 -9999 -9999 -9999 -9999 -9999 -9999 -9999 -9999 -9999 -9999 -9999 -9999 -9999 -9999 -9999 -9999 -9999 45.7793526204427 45.5994852701823 45.4196179199219 45.2397505696615 45.6726253255209 46.7182421875 47.7638590494792 48.8094759114584 49.2215747070313 49.4225008138021 49.6234269205729 49.8243530273438 50.1741674804688 50.5239819335938 50.8737963867188 50.9134224446615
33.9192749023438 31.1499877929688 28.3807006835938 27.4228922526042 31.8995198567709 36.3761474609375 40.8527750651042 43.8526570638021 45.3757934570313 46.8989298502604 48.4220662434896 48.7701721191406 48.726601155599 48.6830301920573 48.6394592285156 46.0990702311198 43.558681233724 41.0182922363282 38.5198913574219 36.1474548339844 33.7750183105469 31.4025817871094 30.9836466471354 32.518212890625 34.0527791341146 35.5873453776042 -9999 -9999 -9999 -9999 -9999 -9999 -9999 -9999 -9999 -9999 -9999 -9999 -9999 -9999 -9999 -9999 -9999 -9999 -9999 -9999 -9999 -9999 42.4521057128906 42.4520202636719 42.4519348144531 42.4518493652344 43.2594116210938 44.8746215820313 46.4898315429688 48.1050415039063 48.6061279296875 48.73583984375 48.8655517578125 48.995263671875 49.4178059895834 49.8403483072917 50.262890625 50.292421468099
34.7551765950521 32.8217911783854 30.8884057617188 30.2965714518229 33.7293904622396 37.1622094726563 40.5950284830729 43.1431884765625 44.806689453125 46.4701904296875 48.13369140625 48.4064294433594 48.2155798339844 48.0247302246094 47.8338806152344 46.0481140136719 44.2623474121094 42.4765808105469 40.7161096191407 39.0315246582031 37.3469396972657 35.6623547363282 34.9735188802084 35.2804321289063 35.5873453776042 35.8942586263021 -9999 -9999 -9999 -9999 -9999 -9999 -9999 -9999 -9999 -9999 -9999 -9999 -9999 -9999 -9999 -9999 -9999 -9999 -9999 -9999 -9999 -9999 42.4521228027344 42.4521057128906 42.4520886230469 42.4520715332031 42.8934375 43.7761865234375 44.658935546875 45.5416845703125 46.2052734375 46.7958089192709 47.3863444010417 47.9768798828125 48.3338004557292 48.6907210286459 49.0476416015625 49.1612284342448
35.5910782877604 34.4935945638021 33.3961108398438 33.1702506510417 35.5592610677084 37.948271484375 40.3372819010417 42.4337198893229 44.2375854492188 46.0414510091146 47.8453165690104 48.0426867675781 47.7045585123698 47.3664302571615 47.0283020019532 45.997157796224 44.9660135904948 43.9348693847656 42.9123278808594 41.9155944824219 40.9188610839844 39.9221276855469 38.9633911132813 38.0426513671875 37.1219116210938 36.201171875 -9999 -9999 -9999 -9999 -9999 -9999 -9999 -9999 -9999 -9999 -9999 -9999 -9999 -9999 -9999 -9999 -9999 -9999 -9999 -9999 -9999 -9999 42.4521398925781 42.4521911621094 42.4522424316406 42.4522937011719 42.5274633789063 42.6777514648438 42.8280395507813 42.9783276367188 43.8044189453125 44.8557779947917 45.9071370442709 46.95849609375 47.249794921875 47.54109375 47.832392578125 48.0300354003906
35.7232674153646 35.2706437174479 34.8180200195313 34.8422098795573 36.2968404134115 37.7514709472656 39.2061014811198 40.9718566894531 43.0487365722656 45.1256164550781 47.2024963378907 47.5024755859375 47.2101546223959 46.9178336588542 46.6255126953125 45.8326204427084 45.0397281901042 44.2468359375 43.5237296549479 43.0099812825521 42.4962329101563 41.9824845377604 41.7256103515625 41.7256103515625 -9999 -9999 -9999 -9999 -9999 -9999 -9999 -9999 -9999 -9999 -9999 -9999 -9999 -9999 -9999 -9999 -9999 -9999 -9999 -9999 -9999 -9999 -9999 -9999 38.6634533691406 39.2949523925781 39.9264514160156 40.5579504394531 40.6463928222656 40.1917785644531 39.7371643066406 39.2825500488281 40.5414306640625 42.3714762369792 44.2015218098959 46.0315673828125 46.2534554036459 46.4753434244792 46.6972314453125 46.8113118489584
35.1517439778646 35.1529386393229 35.1541333007813 35.3124491373698 35.942128499349 36.5718078613281 37.2014872233073 38.7575988769531 41.2401428222656 43.7226867675781 46.2052307128906 46.7857958984375 46.7323681640625 46.6789404296875 46.6255126953125 45.554501953125 44.4834912109375 43.41248046875 42.5503149414063 42.3146850585938 42.0790551757813 41.8434252929688 -9999 -9999 -9999 -9999 -9999 -9999 -9999 -9999 -9999 -9999 -9999 -9999 -9999 -9999 -9999 -9999 -9999 -9999 -9999 -9999 -9999 -9999 -9999 -9999 -9999 -9999 38.4529536946615 38.2424540201823 38.0319543457031 37.821454671224 37.2502258300781 36.3182678222656 35.3863098144531 34.4543518066406 36.41630859375 39.3429036458334 42.2694986979167 45.19609375 45.3447819010417 45.4934700520834 45.642158203125 45.5050577799479
34.5802205403646 35.0352335611979 35.4902465820313 35.7826883951823 35.5874165852865 35.3921447753906 35.1968729654948 36.5433410644531 39.4315490722656 42.3197570800781 45.2079650878906 44.9076293945313 43.5444458007813 42.1812622070313 -9999 -9999 41.5662780761719 41.5662780761719 41.5662780761719 41.5662780761719 -9999 -9999 -9999 -9999 -9999 -9999 -9999 -9999 -9999 -9999 -9999 -9999 -9999 -9999 -9999 -9999 -9999 -9999 -9999 -9999 -9999 -9999 -9999 -9999 -9999 -9999 -9999 -9999 31.1297180175781 32.1094299316406 33.0891418457031 34.0688537597656 33.8540588378906 32.4447570800781 31.0354553222656 29.6261535644531 32.2911865234375 36.3143310546875 40.3374755859375 44.3606201171875 44.4361083984375 44.5115966796875 44.5870849609375 44.1988037109375
31.9393855794271 32.8677482096354 33.7961108398438 34.7919649251302 35.9902933756511 37.1886218261719 38.3869502766927 39.3666947428386 40.1278552246094 40.8890157063802 41.6501761881511 41.6359887695313 41.3633520507813 41.0907153320313 -9999 -9999 41.5662780761719 41.5662780761719 41.5662780761719 41.5662780761719 -9999 -9999 -9999 -9999 -9999 -9999 -9999 -9999 -9999 -9999 -9999 -9999 -9999 -9999 -9999 -9999 -9999 -9999 -9999 -9999 -9999 -9999 -9999 -9999 -9999 -9999 -9999 -9999 30.9337756347656 31.1297180175781 31.3256604003906 31.5216027832032 31.4825728352865 31.2085705566406 30.9345682779948 30.660565999349 32.55736328125 35.1777604166667 37.7981575520834 40.4185546875 40.3796028645833 40.3406510416667 40.30169921875 40.0295621744792
29.2985506184896 30.7002628580729 32.1019750976563 33.8012414550781 36.3931701660156 38.9850988769531 41.5770275878906 42.190048421224 40.8241613769531 39.4582743326823 38.0923872884115 38.3643481445313 39.1822583007813 40.0001684570313 -9999 -9999 -9999 -9999 -9999 -9999 -9999 -9999 -9999 -9999 -9999 -9999 -9999 -9999 -9999 -9999 -9999 -9999 -9999 -9999 -9999 -9999 -9999 -9999 -9999 -9999 -9999 -9999 -9999 -9999 -9999 -9999 -9999 -9999 30.7378332519531 30.1500061035156 29.5621789550781 28.9743518066406 29.1110868326823 29.9723840332031 30.833681233724 31.6949784342448 32.8235400390625 34.0411897786459 35.2588395182292 36.4764892578125 36.3230973307292 36.1697054036459 36.0163134765625 35.8603206380209
27.5821720377604 29.8396736653646 32.0971752929688 34.3639099121094 36.6583435058594 38.9527770996094 41.2472106933594 41.502655843099 39.7191125488282 37.9355692545573 36.1520259602865 35.7061401367188 35.7061401367188 -9999 -9999 -9999 -9999 -9999 -9999 -9999 -9999 -9999 -9999 -9999 -9999 -9999 -9999 -9999 -9999 -9999 -9999 -9999 -9999 -9999 -9999 -9999 -9999 -9999 -9999 -9999 -9999 -9999 -9999 -9999 -9999 -9999 -9999 -9999 26.0135070800781 26.2130676269531 26.4126281738281 26.6121887207031 27.4207694498698 28.8383703613281 30.2559712727865 31.6735721842448 32.3238757324219 32.7184134928386 33.1129512532552 33.5074890136719 33.2440938313802 32.9806986490886 32.7173034667969 32.5790983072917
26.7902498372396 30.2859806315104 33.7817114257813 36.479970296224 36.7858133951823 37.0916564941407 37.397499593099 37.3045170084636 36.8127087402344 36.3209004720052 35.8290922037761 -9999 -9999 -9999 -9999 -9999 -9999 -9999 -9999 -9999 -9999 -9999 -9999 -9999 -9999 -9999 -9999 -9999 -9999 -9999 -9999 -9999 -9999 -9999 -9999 -9999 -9999 -9999 -9999 -9999 -9999 -9999 -9999 -9999 -9999 -9999 -9999 -9999 25.9469868977865 25.8804667154948 25.8139465332031 25.7474263509115 26.411620686849 27.8065295410156 29.2014383951823 30.596347249349 31.0583703613281 31.2094315592448 31.3604927571615 31.5115539550781 31.1425923665365 30.7736307779948 30.4046691894531 30.1858951822917
25.9983276367188 30.7322875976563 35.4662475585938 38.5960306803386 36.9132832845052 35.2305358886719 33.5477884928386 32.7064147949219 32.7064147949219 -9999 -9999 -9999 -9999 -9999 -9999 -9999 -9999 -9999 -9999 -9999 -9999 -9999 -9999 -9999 -9999 -9999 -9999 -9999 -9999 -9999 -9999 -9999 -9999 -9999 -9999 -9999 -9999 -9999 -9999 -9999 -9999 -9999 -9999 -9999 -9999 -9999 -9999 -9999 -9999 -9999 24.7163635253906 24.7163635253906 25.4024719238281 26.7746887207031 28.1469055175781 29.5191223144531 29.7928649902344 29.7004496256511 29.6080342610677 29.5156188964844 29.0410909016927 28.5665629069011 28.0920349121094 27.7926920572917
24.2859407552084 27.8355289713542 31.3851171875 33.9579154459636 33.6003438313802 33.2427722167969 32.8852006022136 32.7064147949219 32.7064147949219 -9999 -9999 -9999 -9999 -9999 -9999 -9999 -9999 -9999 -9999 -9999 -9999 -9999 -9999 -9999 -9999 -9999 -9999 -9999 -9999 -9999 -9999 -9999 -9999 -9999 -9999 -9999 -9999 -9999 -9999 -9999 -9999 -9999 -9999 -9999 -9999 -9999 -9999 -9999 -9999 -9999 24.7163635253906 24.7163635253906 25.1315148925781 25.9618176269531 26.7921203613281 27.6224230957031 27.7749401855469 27.7015287272136 27.6281172688802 27.5547058105469 27.3823132324219 27.2099206542969 27.0375280761719 26.8429646809896
22.5735538736979 24.9387703450521 27.3039868164063 29.3198002115886 30.2874043782552 31.2550085449219 32.2226127115886 -9999 -9999 -9999 -9999 -9999 -9999 -9999 -9999 -9999 -9999 -9999 -9999 -9999 -9999 -9999 -9999 -9999 -9999 -9999 -9999 -9999 -9999 -9999 -9999 -9999 -9999 -9999 -9999 -9999 -9999 -9999 -9999 -9999 -9999 -9999 -9999 -9999 -9999 -9999 -9999 -9999 -9999 -9999 -9999 -9999 24.8605578613281 25.1489465332031 25.4373352050781 25.7257238769531 25.7570153808594 25.7026078287761 25.6482002766927 25.5937927246094 25.7235355631511 25.8532784016927 25.9830212402344 25.8932373046875
21.6698266601563 23.4398364257813 25.2098461914063 26.5317694091797 26.5094329833985 26.4870965576172 26.464760131836 -9999 -9999 -9999 -9999 -9999 -9999 -9999 -9999 -9999 -9999 -9999 -9999 -9999 -9999 -9999 -9999 -9999 -9999 -9999 -9999 -9999 -9999 -9999 -9999 -9999 -9999 -9999 -9999 -9999 -9999 -9999 -9999 -9999 -9999 -9999 -9999 -9999 -9999 -9999 -9999 -9999 -9999 -9999 -9999 -9999 22.4029223632813 22.8166284179688 23.2303344726563 23.6440405273438 23.817724609375 23.9114013671875 24.005078125 24.0987548828125 24.2389013671875 24.3790478515625 24.5191943359375 24.4484545898438
21.5747591145834 23.3387272135417 25.1026953125 26.4275327555339 26.4349782307943 26.4424237060547 26.4498691813151 -9999 -9999 -9999 -9999 -9999 -9999 -9999 -9999 -9999 -9999 -9999 -9999 -9999 -9999 -9999 -9999 -9999 -9999 -9999 -9999 -9999 -9999 -9999 -9999 -9999 -9999 -9999 -9999 -9999 -9999 -9999 -9999 -9999 -9999 -9999 -9999 -9999 -9999 -9999 -9999 -9999 -9999 -9999 -9999 -9999 22.1271183268229 21.9892163085938 21.8513142903646 21.7134122721354 21.9570678710938 22.3279093424479 22.6987508138021 23.0695922851563 22.9284106445313 22.7872290039063 22.6460473632813 22.5086165364584
21.4796915690104 23.2376180013021 24.9955444335938 26.3139892578125 26.3139892578125 -9999 -9999 -9999 -9999 -9999 -9999 -9999 -9999 -9999 -9999 -9999 -9999 -9999 -9999 -9999 -9999 -9999 -9999 -9999 -9999 -9999 -9999 -9999 -9999 -9999 -9999 -9999 -9999 -9999 -9999 -9999 -9999 -9999 -9999 -9999 -9999 -9999 -9999 -9999 -9999 -9999 -9999 -9999 -9999 -9999 -9999 -9999 21.0345560709636 20.5963562011719 20.1581563313802 19.7199564615886 20.0964111328125 20.7444173177084 21.3924235026042 22.0404296875 21.617919921875 21.19541015625 20.772900390625 20.5687784830729
21.9744051106771 23.5524357096354 25.1304663085938 26.3139892578125 26.3139892578125 -9999 -9999 -9999 -9999 -9999 -9999 -9999 -9999 -9999 -9999 -9999 -9999 -9999 -9999 -9999 -9999 -9999 -9999 -9999 -9999 -9999 -9999 -9999 -9999 -9999 -9999 -9999 -9999 -9999 -9999 -9999 -9999 -9999 -9999 -9999 -9999 -9999 -9999 -9999 -9999 -9999 -9999 -9999 -9999 -9999 -9999 -9999 21.2098360188802 21.1221960449219 21.0345560709636 20.9469160970052 21.1042114257813 21.3431518554688 21.5820922851563 21.8210327148438 21.9212508138021 22.0214689127604 22.1216870117188 22.1935555013021
22.4691186523438 23.8672534179688 25.2653881835938 -9999 -9999 -9999 -9999 -9999 -9999 -9999 -9999 -9999 -9999 -9999 -9999 -9999 -9999 -9999 -9999 -9999 -9999 -9999 -9999 -9999 -9999 -9999 -9999 -9999 -9999 -9999 -9999 -9999 -9999 -9999 -9999 -9999 -9999 -9999 -9999 -9999 -9999 -9999 -9999 -9999 -9999 -9999 -9999 -9999 -9999 -9999 -9999 -9999 21.3851159667969 21.6480358886719 21.9109558105469 22.1738757324219 22.11201171875 21.9418863932292 21.7717610677084 21.6016357421875 22.2245817057292 22.8475276692709 23.4704736328125 23.8183325195313
