data/climate/sant/max_precip.asc
NCOLS 360 
NROWS 180 
XLLCORNER -180 
YLLCORNER -90 
CELLSIZE 1 
NODATA_value -9999 
[rows 112 to 139 of 180, columns 128 to 191 of 360]
10.120003625052 11.322380133206 12.52475664136 12.9339624429122 10.9636561246589 8.9933498064056 7.02304348815233 6.01855671498924 5.97988948691636 5.94122225884348 5.9025550307706 6.27063235267997 6.77429119125009 7.2779500298202 7.78160886839032 7.12855702266097 6.47550517693162 5.82245333120227 5.85497385822237 7.94421150349081 10.0334491487592 12.1226867940277 12.7093993965536 11.7935869563371 10.8777745161206 9.96196207590401 9.52735075727105 9.25313981249928 8.97892886772752 8.70471792295575 8.51108808070421 8.31745823845267 8.12382839620113 7.92206580284983 7.69590495619923 7.46974410954863 7.24358326289803 -9999 -9999 -9999 -9999 -9999 -9999 -9999 -9999 -9999 -9999 -9999 -9999 -9999 -9999 -9999 1.47293906193227 1.45190069451928 1.4308623271063 1.40982395969331 1.61029747920111 1.88460829434916 2.15891910949722 2.43322992464527 2.4395197047852 2.44580948492512 2.45209926506504 2.4619846616406
9.15810241852887 9.39857772015966 9.63905302179046 9.55519538093358 8.49833891261369 7.4414824442938 6.3846259759739 5.8742215661332 5.91026921477169 5.94631686341017 5.98236451204866 6.04566168598831 6.11804203502834 6.19042238406837 6.2628027331084 6.34588026814163 6.42895780317485 6.51203533820808 6.82006731256843 7.80296260491014 8.78585789725184 9.76875318959355 10.1449652910233 9.91449420154095 9.68402311205864 9.45355202257633 9.29371628724039 9.15742566995323 9.02113505266607 8.88484443537891 8.46225217916071 8.03965992294252 7.61706766672432 7.28881543222815 7.24358326289803 7.19835109356791 7.15311892423779 -9999 -9999 -9999 -9999 -9999 -9999 -9999 -9999 -9999 -9999 -9999 -9999 -9999 -9999 -9999 1.48135440889746 1.47714673541486 1.47293906193227 1.46873138844967 1.60431526461616 1.78649632399902 1.96867738338187 2.15085844276473 2.18334829201922 2.21583814127371 2.2483279905282 2.28584664850496
8.19620121200569 7.4747753071133 6.75334940222092 6.176428318955 6.0330217005685 5.88961508218199 5.74620846379548 5.72988641727716 5.84064894262701 5.95141146797687 6.06217399332672 5.82069101929665 5.46179287880659 5.10289473831654 4.74399659782648 5.56320351362228 6.38241042941809 7.20161734521389 7.78516076691449 7.66171370632946 7.53826664574444 7.41481958515942 7.58053118549287 8.0354014467448 8.49027170799673 8.94514196924865 9.06008181720972 9.06171152740717 9.06334123760462 9.06497094780207 8.41341627761722 7.76186160743237 7.11030693724751 6.65556506160647 6.79126156959683 6.92695807758719 7.06265458557755 -9999 -9999 -9999 -9999 -9999 -9999 -9999 -9999 -9999 -9999 -9999 -9999 -9999 -9999 -9999 1.48976975586265 1.50239277631044 1.51501579675823 1.52763881720603 1.59833305003121 1.68838435364887 1.77843565726653 1.86848696088418 1.92717687925324 1.98586679762229 2.04455671599135 2.10970863536932
5.29053313122131 5.122567813145 4.95460249506868 4.86052281735465 4.98810006072745 5.11567730410025 5.24325454747304 5.35220467066392 5.44252767367288 5.53285067668185 5.62317367969081 5.30740886321291 4.8562814402394 4.40515401726589 3.95402659429237 5.04249626537785 6.13096593646333 7.2194356075488 7.88053567288443 7.25952692097053 6.63851816905662 6.01750941714272 6.08814173704013 6.85041512874886 7.6126885204576 8.37496191216633 8.69770991429687 8.87394945323467 9.05018899217248 9.22642853111029 8.44135416671634 7.65627980232239 6.87120543792844 6.28239966463298 6.28239966463298 -9999 -9999 -9999 -9999 -9999 -9999 -9999 -9999 -9999 -9999 -9999 -9999 -9999 -9999 -9999 -9999 -9999 1.74478104617447 1.71305427700281 1.68132750783116 1.6496007386595 1.64564270968549 1.65094092744403 1.65623914520256 1.6615373629611 1.74417126900516 1.82680517504923 1.9094390810933 1.9909690360073
5.51448688865639 5.57047532801516 5.62646376737393 5.60747887613252 5.36357399309054 5.11966911004856 4.87576422700658 4.7411763262935 4.7159054079093 4.69063448952511 4.66536357114092 4.50581521773711 4.30150771932676 4.09720022091642 3.89289272250608 4.78375852340832 5.67462432431057 6.56549012521282 7.10619203047827 6.59640224883333 6.08661246718839 5.57682268554345 5.66779694566503 6.35953524755314 7.05127354944125 7.74301185132936 8.20660057850182 8.59413944743574 8.98167831636965 9.36921718530357 8.54606584645808 7.72291450761259 6.89976316876709 -9999 -9999 -9999 -9999 -9999 -9999 -9999 -9999 -9999 -9999 -9999 -9999 -9999 -9999 -9999 -9999 -9999 -9999 -9999 1.76593222562224 1.77650781534612 1.78708340507001 1.79765899479389 1.74624424357899 1.67416604538448 1.60208784718998 1.53000964899547 1.634331461275 1.73865327355452 1.84297508583404 1.92962785041891
6.53719244292006 6.52667944086716 6.51616643881425 6.35443493491039 5.73904792545363 5.12366091599688 4.50827390654013 4.13014798192307 3.98928314214572 3.84841830236837 3.70755346259102 3.7042215722613 3.74673399841413 3.78924642456695 3.83175885071978 4.5250207814388 5.21828271215782 5.91154464287683 6.3318483880721 5.93327757669613 5.53470676532015 5.13613595394418 5.24745215428993 5.86865536635742 6.4898585784249 7.11106179049239 7.71549124270678 8.3143294416368 8.91316764056683 9.51200583949685 9.51200583949685 -9999 -9999 -9999 -9999 -9999 -9999 -9999 -9999 -9999 -9999 -9999 -9999 -9999 -9999 -9999 -9999 -9999 -9999 -9999 -9999 -9999 0.494135128974449 0.944843316392507 1.39555150381057 1.84625969122862 1.84684577747248 1.69739116332494 1.54793654917739 1.39848193502985 1.52449165354483 1.65050137205981 1.77651109057479 1.86828666483052
6.54560284456238 6.5435002441518 6.54139764374122 6.40849255258217 5.88317998917773 5.35786742577329 4.83255486236885 4.41252800496295 4.09778685355559 3.78304570214823 3.46830455074087 3.45831146975979 3.54990107892081 3.64149068808183 3.73308029724285 4.17568101128563 4.61828172532842 5.0608824393712 5.40888622635975 5.47309923218563 5.53731223801151 5.60152524383739 5.65388794848695 5.69440035196021 5.73491275543347 5.77542515890673 6.5308437757194 7.52456446364522 8.51828515157104 9.51200583949685 9.51200583949685 -9999 -9999 -9999 -9999 -9999 -9999 -9999 -9999 -9999 -9999 -9999 -9999 -9999 -9999 -9999 -9999 -9999 -9999 -9999 -9999 -9999 0.42567453085212 0.739461522025522 1.05324851319892 1.36703550437232 1.40975441085175 1.36211728909984 1.31448016734794 1.26684304559603 1.36807645345107 1.4693098613061 1.57054326916113 1.65645115706138
6.5540132462047 6.56032104743645 6.56662884866819 6.46255017025396 6.02731205290183 5.59207393554971 5.15683581819758 4.69490802800283 4.20629056496546 3.71767310192809 3.22905563889071 3.21240136725828 3.35306815942749 3.49373495159671 3.63440174376592 3.82634124113247 4.01828073849902 4.21022023586556 4.48592406464741 5.01292088767514 5.53991771070287 6.0669145337306 6.06032374268398 5.52014533756301 4.97996693244204 4.43978852732107 5.34619630873203 6.73479948565364 8.12340266257524 -9999 -9999 -9999 -9999 -9999 -9999 -9999 -9999 -9999 -9999 -9999 -9999 -9999 -9999 -9999 -9999 -9999 -9999 -9999 -9999 -9999 0.26878103526542 0.26878103526542 0.357213932729792 0.534079727658536 0.710945522587281 0.887811317516025 0.972663044231012 1.02684341487475 1.08102378551848 1.13520415616222 1.21166125335731 1.28811835055239 1.36457544774748 1.44461564929225
5.74476144975051 5.90521245030686 6.06566345086321 6.08694939035922 5.69074014667422 5.29453090298921 4.8983216593042 4.45615381607786 3.96802737331018 3.4799009305425 2.99177448777482 2.97583356220275 3.11728780902922 3.25874205585569 3.40019630268216 3.53256722353399 3.66493814438581 3.79730906523764 4.06042767176405 4.71578933531418 5.37115099886432 6.02651266241446 5.98221292952076 5.23825180018321 4.49429067084566 3.75032954150811 3.56433925917372 3.56433925917372 -9999 -9999 -9999 -9999 -9999 -9999 -9999 -9999 -9999 -9999 -9999 -9999 -9999 -9999 -9999 -9999 -9999 -9999 -9999 -9999 0.520079743873794 0.478196625772398 0.436313507671002 0.394430389569607 0.408326965291053 0.478003234835342 0.54767950437963 0.617355773923919 0.725019277073443 0.845345191424713 0.965671105775982 1.08599702012725 1.13909077760763 1.19218453508802 1.2452782925684 1.31686763092875
5.53082678234205 5.47734311548993 5.42385944863781 5.28169021289796 4.87346427049488 4.4652383280918 4.05701238568872 3.69626536918804 3.38299727858976 3.06972918799147 2.75646109739318 2.74860805459321 2.84256002772599 2.93651200085878 3.03046397399157 3.29435895849019 3.55825394298881 3.82214892748743 4.13239704770967 4.58170457510278 5.03101210249588 5.48031962988898 5.41955550899729 4.84871973982081 4.27788397064433 3.70704820146784 -9999 -9999 -9999 -9999 -9999 -9999 -9999 -9999 -9999 -9999 -9999 -9999 -9999 -9999 -9999 -9999 -9999 -9999 -9999 -9999 -9999 -9999 0.534040783240926 0.548001822608057 0.561962861975189 0.575923901342321 0.579013628535904 0.571232043555938 0.563450458575971 0.555668873596005 0.666823109379038 0.817622618749738 0.968422128120437 1.11922163749114 1.15036502620205 1.18150841491297 1.21265180362388 1.27320710197091
3.66964335087687 4.00122456718236 4.33280578348786 4.47643103543669 4.05618839431554 3.63594575319439 3.21570311207324 2.93637692229822 2.79796718386933 2.65955744544044 2.52114770701155 2.52138254698366 2.56783224642277 2.61428194586188 2.66073164530098 3.0561506934464 3.45156974159181 3.84698878973722 4.2043664236553 4.44761981489137 4.69087320612743 4.9341265973635 4.85603000619449 4.45658343262039 4.0571368590463 3.6576902854722 -9999 -9999 -9999 -9999 -9999 -9999 -9999 -9999 -9999 -9999 -9999 -9999 -9999 -9999 -9999 -9999 -9999 -9999 -9999 -9999 -9999 -9999 0.897560772718862 0.867491983808577 0.837423194898292 0.807354405988008 0.749700291780755 0.664460852276534 0.579221412772313 0.493981973268092 0.608626941684633 0.789900046074763 0.971173150464892 1.15244625485502 1.16163927479647 1.17083229473792 1.18002531467937 1.22954657301307
3.40358801465482 3.46911389473826 3.5346397748217 3.51675668684766 3.24864669470116 2.98053670255467 2.71242671040818 2.5397552261129 2.46252224966884 2.38528927322477 2.30805629678071 2.30069010844454 2.31661284947768 2.33253559051082 2.34845833154395 2.64666500547901 2.94487167941406 3.24307835334912 3.49277870636433 3.59696009662002 3.70114148687571 3.8053228771314 3.81746891490184 3.73757960018702 3.6576902854722 3.57780097075738 -9999 -9999 -9999 -9999 -9999 -9999 -9999 -9999 -9999 -9999 -9999 -9999 -9999 -9999 -9999 -9999 -9999 -9999 -9999 -9999 -9999 -9999 0.903574530500919 0.897560772718862 0.891547014936805 0.885533257154748 0.862827544799075 0.823429877869785 0.784032210940495 0.744634544011205 0.817812527529895 0.928515727864578 1.03921892819926 1.14992212853394 1.18517165235244 1.22042117617093 1.25567069998942 1.30409655673429
3.13753267843276 2.93700322229415 2.73647376615554 2.55708233825862 2.44110499508679 2.32512765191495 2.20915030874312 2.14313352992758 2.12707731546834 2.1110211010091 2.09496488654986 2.07999766990542 2.06539345253259 2.05078923515975 2.03618501778692 2.23717931751162 2.43817361723632 2.63916791696101 2.78119098907337 2.74630037834868 2.71140976762399 2.6765191568993 2.77890782360919 3.01857576775365 3.2582437118981 3.49791165604256 -9999 -9999 -9999 -9999 -9999 -9999 -9999 -9999 -9999 -9999 -9999 -9999 -9999 -9999 -9999 -9999 -9999 -9999 -9999 -9999 -9999 -9999 0.909588288282976 0.927629561629146 0.945670834975317 0.963712108321488 0.975954797817394 0.982398903463036 0.988843009108678 0.995287114754319 1.02699811337516 1.06713140965439 1.10726470593363 1.14739800221287 1.2087040299084 1.27001005760394 1.33131608529948 1.37864654045552
3.30592605192214 2.87741123512387 2.4488964183256 2.11931484960951 2.08653302513994 2.05375120067038 2.02096937620081 1.98933306452818 1.95884226565249 1.9283514667768 1.89786066790111 1.88820004672743 1.88548281812109 1.88276558951475 1.8800483609084 1.97765741706826 2.07526647322811 2.17287552938797 2.23367043281905 2.18402287806384 2.13437532330863 2.08472776855342 2.05990399117582 2.05990399117582 -9999 -9999 -9999 -9999 -9999 -9999 -9999 -9999 -9999 -9999 -9999 -9999 -9999 -9999 -9999 -9999 -9999 -9999 -9999 -9999 -9999 -9999 -9999 -9999 1.68815463711508 1.57643485232256 1.46471506753005 1.35299528273754 1.32848198991269 1.3911751890555 1.45386838819832 1.51656158734113 1.44817730959039 1.3361005395418 1.22402376949321 1.11194699944463 1.19676599639934 1.28158499335404 1.36640399030875 1.43261871300638
3.90876813512295 3.29033793322742 2.67190773133188 2.20345422090031 2.18493078486063 2.16640734882094 2.14788391278125 2.0783538299147 1.95781710022129 1.83728037052788 1.71674364083447 1.72529723891057 1.77688094624318 1.82846465357579 1.8800483609084 1.86809930414893 1.85615024738945 1.84420119062997 1.8502170376014 1.91012759576552 1.97003815392964 2.02994871209376 -9999 -9999 -9999 -9999 -9999 -9999 -9999 -9999 -9999 -9999 -9999 -9999 -9999 -9999 -9999 -9999 -9999 -9999 -9999 -9999 -9999 -9999 -9999 -9999 -9999 -9999 1.72539456537925 1.76263449364342 1.79987442190759 1.83711435017176 1.92040912108496 2.04975873464718 2.17910834820941 2.30845796177164 2.0813501161756 1.73542311752681 1.38949611887801 1.04356912022922 1.14935755182523 1.25514598342124 1.36093441501725 1.46601307438686
4.51161021832377 3.70326463133097 2.89491904433817 2.28759359219112 2.28332854458131 2.2790634969715 2.2747984493617 2.16737459530123 1.95679193479009 1.74620927427895 1.53562661376782 1.5686847246252 1.68295642593876 1.79722812725231 -9999 -9999 1.42439647461288 1.42439647461288 1.42439647461288 1.42439647461288 -9999 -9999 -9999 -9999 -9999 -9999 -9999 -9999 -9999 -9999 -9999 -9999 -9999 -9999 -9999 -9999 -9999 -9999 -9999 -9999 -9999 -9999 -9999 -9999 -9999 -9999 -9999 -9999 3.62047045491636 3.2758598215878 2.93124918825924 2.58663855493069 2.51233625225723 2.70834228023887 2.90434830822051 3.10035433620214 2.71452292276081 2.13474569551181 1.55496846826281 0.975191241013817 1.10194910725113 1.22870697348844 1.35546483972576 1.49940743576735
5.26990948151797 4.09695786237717 2.92400624323636 2.04094440699555 2.02755191945471 2.01415943191387 2.00076694437303 1.97163408086635 1.92676084139384 1.88188760192133 1.83701436244883 1.84293680777773 1.86579114804044 1.88864548830315 -9999 -9999 1.42439647461288 1.42439647461288 1.42439647461288 1.42439647461288 -9999 -9999 -9999 -9999 -9999 -9999 -9999 -9999 -9999 -9999 -9999 -9999 -9999 -9999 -9999 -9999 -9999 -9999 -9999 -9999 -9999 -9999 -9999 -9999 -9999 -9999 -9999 -9999 3.68939258158207 3.62047045491636 3.55154832825065 3.48262620158494 3.31827897392213 3.05850664526224 2.79873431660235 2.53896198794246 2.20483839476947 1.84593104675878 1.48702369874809 1.1281163507374 1.28886435145978 1.44961235218216 1.61036035290454 1.77312799310312
6.02820874471217 4.49065109342337 2.95309344213456 1.79429522179998 1.77177529432811 1.74925536685623 1.72673543938436 1.77589356643148 1.8967297479976 2.01756592956372 2.13840211112984 2.11718889093027 2.04862587014213 1.980062849354 -9999 -9999 -9999 -9999 -9999 -9999 -9999 -9999 -9999 -9999 -9999 -9999 -9999 -9999 -9999 -9999 -9999 -9999 -9999 -9999 -9999 -9999 -9999 -9999 -9999 -9999 -9999 -9999 -9999 -9999 -9999 -9999 -9999 -9999 3.75831470824778 3.96508108824492 4.17184746824205 4.37861384823918 4.12422169558704 3.40867101028562 2.69312032498419 1.97756963968277 1.69515386677813 1.55711639800575 1.41907892923336 1.28104146046098 1.47577959566843 1.67051773087587 1.86525586608332 2.04684855043888
6.46174806822091 4.69823434855789 2.93472062889487 1.63521998282522 1.72775855753571 1.8202971322462 1.91283570695668 2.0098934895359 2.11147047998384 2.21304747043177 2.31462446087971 2.3400187084917 2.3400187084917 -9999 -9999 -9999 -9999 -9999 -9999 -9999 -9999 -9999 -9999 -9999 -9999 -9999 -9999 -9999 -9999 -9999 -9999 -9999 -9999 -9999 -9999 -9999 -9999 -9999 -9999 -9999 -9999 -9999 -9999 -9999 -9999 -9999 -9999 -9999 4.56119221821427 4.63414567988366 4.70709914155304 4.78005260322243 4.39445096394047 3.55029422370717 2.70613748347387 1.86198074324057 1.67418627720326 1.70517923589796 1.73617219459265 1.76716515328735 1.9483892256394 2.12961329799145 2.31083737034351 2.46685843868181
6.57052745204419 4.71970762778074 2.86888780351728 1.56371869007125 1.89550170907751 2.22728472808376 2.55906774709001 2.67363385017961 2.57098303735256 2.46833222452551 2.36568141169846 -9999 -9999 -9999 -9999 -9999 -9999 -9999 -9999 -9999 -9999 -9999 -9999 -9999 -9999 -9999 -9999 -9999 -9999 -9999 -9999 -9999 -9999 -9999 -9999 -9999 -9999 -9999 -9999 -9999 -9999 -9999 -9999 -9999 -9999 -9999 -9999 -9999 4.53687439765781 4.51255657710135 4.48823875654489 4.46392093598843 4.12896677898243 3.4833762855269 2.83778579207137 2.19219529861584 2.14193562604487 2.29011956043541 2.43830349482596 2.5864874292165 2.7066932413727 2.8268990535289 2.94710486568511 3.03315765783191
6.67930683586746 4.74118090700358 2.8030549781397 1.49221739731729 2.06324486061931 2.63427232392132 3.20529978722334 3.49081351887435 3.49081351887435 -9999 -9999 -9999 -9999 -9999 -9999 -9999 -9999 -9999 -9999 -9999 -9999 -9999 -9999 -9999 -9999 -9999 -9999 -9999 -9999 -9999 -9999 -9999 -9999 -9999 -9999 -9999 -9999 -9999 -9999 -9999 -9999 -9999 -9999 -9999 -9999 -9999 -9999 -9999 -9999 -9999 4.08699471736327 4.08699471736327 3.86348259402439 3.41645834734663 2.96943410066888 2.52240985399112 2.60968497488648 2.87505988497287 3.14043479505926 3.40580970514566 3.46499725710601 3.52418480906636 3.5833723610267 3.599456876982
6.89316333364695 5.16803266201168 3.44290199037641 2.23850462213159 2.59630716405809 2.95410970598459 3.3119122479111 3.49081351887435 3.49081351887435 -9999 -9999 -9999 -9999 -9999 -9999 -9999 -9999 -9999 -9999 -9999 -9999 -9999 -9999 -9999 -9999 -9999 -9999 -9999 -9999 -9999 -9999 -9999 -9999 -9999 -9999 -9999 -9999 -9999 -9999 -9999 -9999 -9999 -9999 -9999 -9999 -9999 -9999 -9999 -9999 -9999 4.08699471736327 4.08699471736327 4.14060909999534 4.2478378652595 4.35506663052365 4.46229539578781 4.46206393372267 4.42601239588112 4.38996085803956 4.353909320198 4.14385867584497 3.93380803149194 3.7237573871389 3.63803700869903
7.10701983142644 5.59488441701978 4.08274900261313 2.98479184694588 3.12936946749687 3.27394708804786 3.41852470859885 -9999 -9999 -9999 -9999 -9999 -9999 -9999 -9999 -9999 -9999 -9999 -9999 -9999 -9999 -9999 -9999 -9999 -9999 -9999 -9999 -9999 -9999 -9999 -9999 -9999 -9999 -9999 -9999 -9999 -9999 -9999 -9999 -9999 -9999 -9999 -9999 -9999 -9999 -9999 -9999 -9999 -9999 -9999 -9999 -9999 4.4177356059663 5.07921738317236 5.74069916037843 6.40218093758449 6.31444289255887 5.97696490678936 5.63948692101985 5.30200893525034 4.82272009458393 4.34343125391752 3.8641424132511 3.67661714041606
7.14612943120301 5.8140037022531 4.4818779733032 3.49621762731113 3.54995343019255 3.60368923307396 3.65742503595538 -9999 -9999 -9999 -9999 -9999 -9999 -9999 -9999 -9999 -9999 -9999 -9999 -9999 -9999 -9999 -9999 -9999 -9999 -9999 -9999 -9999 -9999 -9999 -9999 -9999 -9999 -9999 -9999 -9999 -9999 -9999 -9999 -9999 -9999 -9999 -9999 -9999 -9999 -9999 -9999 -9999 -9999 -9999 -9999 -9999 9.67777782306075 9.31760355457664 8.95742928609252 8.5972550176084 7.9011773080565 7.09313178481534 6.28508626157418 5.47704073833302 5.16277494141832 4.84850914450362 4.53424334758893 4.47499452810735
7.01049213297665 5.82539051771164 4.64028890244663 3.74698470742442 3.72907277313061 3.7111608388368 3.693248904543 -9999 -9999 -9999 -9999 -9999 -9999 -9999 -9999 -9999 -9999 -9999 -9999 -9999 -9999 -9999 -9999 -9999 -9999 -9999 -9999 -9999 -9999 -9999 -9999 -9999 -9999 -9999 -9999 -9999 -9999 -9999 -9999 -9999 -9999 -9999 -9999 -9999 -9999 -9999 -9999 -9999 -9999 -9999 -9999 -9999 9.91789400205016 10.0379520915449 10.1580101810396 10.2780682705343 9.22226718021557 7.77451302995905 6.32675887970254 4.87900472944602 5.16402321634814 5.44904170325026 5.73406019015238 6.0331691717729
6.87485483475029 5.83677733317018 4.79869983159006 4.02014170540497 4.02014170540497 -9999 -9999 -9999 -9999 -9999 -9999 -9999 -9999 -9999 -9999 -9999 -9999 -9999 -9999 -9999 -9999 -9999 -9999 -9999 -9999 -9999 -9999 -9999 -9999 -9999 -9999 -9999 -9999 -9999 -9999 -9999 -9999 -9999 -9999 -9999 -9999 -9999 -9999 -9999 -9999 -9999 -9999 -9999 -9999 -9999 -9999 -9999 9.14886700920761 10.059663048014 10.9704590868205 11.8812551256269 10.5433570523746 8.45589427510276 6.3684314978309 4.28096872055903 5.16527149127796 6.0495742619969 6.93387703271583 7.59134381543845
6.83462185040116 5.811174524948 4.78772719949484 4.02014170540497 4.02014170540497 -9999 -9999 -9999 -9999 -9999 -9999 -9999 -9999 -9999 -9999 -9999 -9999 -9999 -9999 -9999 -9999 -9999 -9999 -9999 -9999 -9999 -9999 -9999 -9999 -9999 -9999 -9999 -9999 -9999 -9999 -9999 -9999 -9999 -9999 -9999 -9999 -9999 -9999 -9999 -9999 -9999 -9999 -9999 -9999 -9999 -9999 -9999 8.78454859368503 8.96670780144632 9.14886700920761 9.33102621696889 8.66655459394678 7.71987269399688 6.77319079404697 5.82650889409706 6.01218650629744 6.19786411849782 6.3835417306982 6.58865992259234
6.79438886605203 5.78557171672583 4.77675456739962 -9999 -9999 -9999 -9999 -9999 -9999 -9999 -9999 -9999 -9999 -9999 -9999 -9999 -9999 -9999 -9999 -9999 -9999 -9999 -9999 -9999 -9999 -9999 -9999 -9999 -9999 -9999 -9999 -9999 -9999 -9999 -9999 -9999 -9999 -9999 -9999 -9999 -9999 -9999 -9999 -9999 -9999 -9999 -9999 -9999 -9999 -9999 -9999 -9999 8.42023017816246 7.87375255487859 7.32727493159473 6.78079730831087 6.78975213551894 6.98385111289099 7.17795009026304 7.37204906763509 6.85910152131692 6.34615397499874 5.83320642868057 5.58597602974623
