data/climate/sant/max_temp.asc
NCOLS 360 
NROWS 180 
XLLCORNER -180 
YLLCORNER -90 
CELLSIZE 1 
NODATA_value -9999 
[rows 140 to 167 of 180, columns 256 to 319 of 360]
-9999 -9999 -9999 -9999 -9999 -9999 -9999 -9999 -9999 -9999 -9999 -9999 -9999 -9999 -9999 -9999 -9999 -9999 -9999 -9999 -9999 25.3452087402344 25.1003487141927 24.8554886881511 24.6106286621094 24.3460896809896 24.0225138346354 23.6989379882813 23.3753621419271 23.6253206380209 24.4488134765625 25.2723063151042 26.0957991536459 26.5991479492188 26.9957820638021 27.3924161783854 27.7890502929688 27.4765307617188 27.1640112304688 26.8514916992188 26.6750118001302 26.9066507975261 27.1382897949219 27.3699287923177 27.341982014974 27.0544494628907 26.7669169108073 26.479384358724 26.7499926757813 27.2066479492188 27.6633032226563 28.1199584960938 29.3478214518229 30.5756844075521 31.8035473632813 32.7594742838542 32.8995930989584 33.0397119140625 33.1798307291667 33.3872542317709 33.661982421875 33.9367106119792 34.2114388020834 34.0658984375
-9999 -9999 -9999 -9999 -9999 -9999 -9999 -9999 -9999 -9999 -9999 -9999 -9999 -9999 -9999 -9999 -9999 -9999 -9999 -9999 25.3452087402344 25.3452087402344 25.0093754069011 24.6735420735677 24.3377087402344 24.0513102213542 23.9132161458334 23.7751220703125 23.6370279947917 23.8674861653646 24.4664965820313 25.0655069986979 25.6645174153646 26.075361328125 26.4234830729167 26.7716048177084 27.1197265625 27.058828125 26.9979296875 26.93703125 26.8875760904948 26.872450764974 26.8573254394531 26.8422001139323 26.8042093912761 26.7433532714844 26.6824971516927 26.6216410319011 27.0795556640625 27.7103938802084 28.3412320963542 28.9720703125 30.0389274088542 31.1057845052084 32.1726416015625 33.0339729817709 33.2787272135417 33.5234814453125 33.7682356770834 33.9362581380209 34.027548828125 34.1188395182292 34.2101302083334 34.0249658203125
-9999 -9999 -9999 -9999 -9999 -9999 -9999 -9999 -9999 -9999 -9999 -9999 -9999 -9999 -9999 -9999 -9999 -9999 25.4134216308594 25.3906840006511 25.3679463704427 25.3452087402344 24.9184020996094 24.4915954589844 24.0647888183594 23.7565307617188 23.8039184570313 23.8513061523438 23.8986938476563 24.1096516927084 24.4841796875 24.8587076822917 25.2332356770834 25.5515747070313 25.8511840820313 26.1507934570313 26.4504028320313 26.6411254882813 26.8318481445313 27.0225708007813 27.1001403808594 26.8382507324219 26.5763610839844 26.3144714355469 26.2664367675781 26.4322570800781 26.5980773925781 26.7638977050781 27.4091186523438 28.2141398111979 29.0191609700521 29.8241821289063 30.7300333658854 31.6358846028646 32.5417358398438 33.3084716796875 33.657861328125 34.0072509765625 34.356640625 34.4852620442709 34.393115234375 34.3009684244792 34.2088216145834 33.984033203125
-9999 -9999 -9999 -9999 -9999 -9999 -9999 -9999 -9999 -9999 -9999 -9999 -9999 -9999 -9999 -9999 -9999 -9999 25.4270642089844 25.4225166829427 25.4179691569011 25.4134216308594 24.9411364746094 24.4688513183594 23.9965661621094 23.6816072591146 23.8386271158854 23.9956469726563 24.1526668294271 24.3762532552084 24.66640625 24.9565592447917 25.2467122395834 25.51458984375 25.7750423177084 26.0354947916667 26.295947265625 26.4846158854167 26.6732845052084 26.861953125 26.957499593099 26.7736796061198 26.5898596191406 26.4060396321615 26.3879414876302 26.5355651855469 26.6831888834636 26.8308125813802 27.5336840820313 28.4216381835938 29.3095922851563 30.1975463867188 30.9419913736979 31.6864363606771 32.4308813476563 33.0694604492188 33.3904418945313 33.7114233398438 34.0324047851563 34.1929842122396 34.1931616210938 34.1933390299479 34.1935164388021 33.960849609375
-9999 -9999 -9999 -9999 -9999 -9999 -9999 -9999 -9999 -9999 -9999 -9999 -9999 -9999 -9999 -9999 -9999 -9999 25.4407067871094 25.4543493652344 25.4679919433594 25.4816345214844 24.9638708496094 24.4461071777344 23.9283435058594 23.6066837565104 23.8733357747396 24.1399877929688 24.4066398111979 24.6428548177084 24.8486328125 25.0544108072917 25.2601888020834 25.4776049804688 25.6989005533854 25.9201961263021 26.1414916992188 26.3281062825521 26.5147208658854 26.7013354492188 26.8148588053386 26.7091084798177 26.6033581542969 26.4976078287761 26.5094462076823 26.6388732910156 26.768300374349 26.8977274576823 27.6582495117188 28.6291365559896 29.6000236002604 30.5709106445313 31.1539493815104 31.7369881184896 32.3200268554688 32.83044921875 33.1230224609375 33.415595703125 33.7081689453125 33.9007063802084 33.9932080078125 34.0857096354167 34.1782112630209 33.937666015625
-9999 -9999 -9999 -9999 -9999 -9999 -9999 -9999 -9999 -9999 -9999 -9999 -9999 -9999 -9999 -9999 -9999 -9999 -9999 -9999 25.5157409667969 25.5157409667969 25.0773588053386 24.6389766438802 24.2005944824219 23.9236222330729 24.1308797200521 24.3381372070313 24.5453946940104 24.7535164388021 24.9625024414063 25.1714884440104 25.3804744466146 25.6014697265625 25.8264680989584 26.0514664713542 26.27646484375 26.4450911458334 26.6137174479167 26.78234375 26.9027876790365 26.8786844889323 26.8545812988281 26.830478108724 26.8978202311198 27.0566076660156 27.2153951009115 27.3741825358073 28.0392456054688 28.8730672200521 29.7068888346354 30.5407104492188 31.0269962565104 31.5132820638021 31.9995678710938 32.4181673177084 32.6337076822917 32.849248046875 33.0647884114584 33.2314485677084 33.349228515625 33.4670084635417 33.5847884114584 33.4115051269531
-9999 -9999 -9999 -9999 -9999 -9999 -9999 -9999 -9999 -9999 -9999 -9999 -9999 -9999 -9999 -9999 -9999 -9999 -9999 -9999 -9999 25.5157409667969 25.2816003417969 25.0474597167969 24.8133190917969 24.6324226888021 24.6112589518229 24.5900952148438 24.5689314778646 24.7082381184896 25.0080151367188 25.3077921549479 25.6075691731771 25.8861840820313 26.1577449544271 26.4293058268229 26.7008666992188 26.8355704752604 26.9702742513021 27.1049780273438 27.2212862141927 27.2824076334636 27.3435290527344 27.4046504720052 27.5530635579427 27.7887683105469 28.0244730631511 28.2601778157552 28.6766723632813 29.1534301757813 29.6301879882813 30.1069458007813 30.5611319986979 31.0153181966146 31.4695043945313 31.8326147460938 31.9224975585938 32.0123803710938 32.1022631835938 32.1852107747396 32.2612231445313 32.3372355143229 32.4132478841146 32.3823669433594
-9999 -9999 -9999 -9999 -9999 -9999 -9999 -9999 -9999 -9999 -9999 -9999 -9999 -9999 -9999 -9999 -9999 -9999 -9999 -9999 -9999 25.5328155517578 25.4983632405599 25.463910929362 25.4294586181641 25.3412231445313 25.0916381835938 24.8420532226563 24.5924682617188 24.6629597981771 25.0535278320313 25.4440958658854 25.8346638997396 26.1708984375 26.4890218098959 26.8071451822917 27.1252685546875 27.2260498046875 27.3268310546875 27.4276123046875 27.539784749349 27.6861307779948 27.8324768066406 27.9788228352865 28.2083068847656 28.5209289550781 28.8335510253906 29.1461730957031 29.3140991210938 29.4337931315104 29.5534871419271 29.6731811523438 30.0952677408854 30.5173543294271 30.9394409179688 31.2470621744792 31.2112874348959 31.1755126953125 31.1397379557292 31.1389729817709 31.1732177734375 31.2074625651042 31.2417073567709 31.3532287597656
-9999 -9999 -9999 -9999 -9999 -9999 -9999 -9999 -9999 -9999 -9999 -9999 -9999 -9999 -9999 -9999 -9999 -9999 -9999 -9999 -9999 25.5328155517578 25.5259250895182 25.5190346272787 25.5121441650391 25.4386075846354 25.1651326497396 24.8916577148438 24.6181827799479 24.6226489257813 24.9050561523438 25.1874633789063 25.4698706054688 25.6669604492188 25.8356111653646 26.0042618815104 26.1729125976563 26.5276554361979 26.8823982747396 27.2371411132813 27.539784749349 27.6861307779948 27.8324768066406 27.9788228352865 28.2083068847656 28.5209289550781 28.8335510253906 29.1461730957031 29.3140991210938 29.4337931315104 29.5534871419271 29.6731811523438 29.7962117513021 29.9192423502604 30.0422729492188 30.1108333333334 30.0159830729167 29.9211328125 29.8262825520834 29.832666015625 29.940283203125 30.047900390625 30.155517578125 30.3718298339844
-9999 -9999 -9999 -9999 -9999 -9999 -9999 -9999 -9999 -9999 -9999 -9999 -9999 -9999 -9999 -9999 -9999 -9999 -9999 -9999 -9999 25.5328155517578 25.5534869384766 25.5741583251953 25.5948297119141 25.5359920247396 25.2386271158854 24.9412622070313 24.6438972981771 24.5823380533854 24.7565844726563 24.9308308919271 25.1050773111979 25.1630224609375 25.1822005208334 25.2013785807292 25.220556640625 25.8292610677084 26.4379654947917 27.046669921875 27.539784749349 27.6861307779948 27.8324768066406 27.9788228352865 28.2083068847656 28.5209289550781 28.8335510253906 29.1461730957032 29.3140991210938 29.4337931315104 29.5534871419271 29.6731811523438 29.4971557617188 29.3211303710938 29.1451049804688 28.9746044921875 28.8206787109375 28.6667529296875 28.5128271484375 28.5263590494792 28.7073486328125 28.8883382161459 29.0693277994792 29.3904309082031
-9999 -9999 -9999 -9999 -9999 -9999 -9999 -9999 -9999 -9999 -9999 -9999 -9999 -9999 -9999 -9999 -9999 -9999 -9999 -9999 -9999 -9999 -9999 25.66201171875 25.66201171875 25.5846842447917 25.2753743489584 24.966064453125 24.6567545572917 24.5621826171875 24.6823486328125 24.8025146484375 24.9226806640625 24.9110534667969 24.8554951985677 24.7999369303386 24.7443786621094 24.7443786621094 -9999 -9999 -9999 -9999 -9999 -9999 -9999 -9999 -9999 -9999 -9999 -9999 -9999 -9999 -9999 28.4523559570313 28.4523559570313 28.4064900716146 28.2230265299479 28.0395629882813 27.8560994466146 27.8732055664063 28.0908813476563 28.3085571289063 28.5262329101563 28.8997314453125
-9999 -9999 -9999 -9999 -9999 -9999 -9999 -9999 -9999 -9999 -9999 -9999 -9999 -9999 -9999 -9999 -9999 -9999 -9999 -9999 -9999 -9999 -9999 -9999 -9999 25.5846842447917 25.2753743489584 24.966064453125 24.6567545572917 24.5621826171875 24.6823486328125 24.8025146484375 24.9226806640625 24.9110534667969 24.8554951985677 24.7999369303386 -9999 -9999 -9999 -9999 -9999 -9999 -9999 -9999 -9999 -9999 -9999 -9999 -9999 -9999 -9999 -9999 -9999 -9999 -9999 28.4064900716146 28.2230265299479 28.0395629882813 27.8560994466146 27.8732055664063 28.0908813476563 28.3085571289063 28.5262329101563 28.8997314453125
-9999 -9999 -9999 -9999 -9999 -9999 -9999 -9999 -9999 -9999 -9999 -9999 -9999 -9999 -9999 -9999 -9999 -9999 -9999 -9999 -9999 -9999 -9999 -9999 -9999 -9999 -9999 -9999 -9999 -9999 -9999 -9999 -9999 -9999 -9999 -9999 -9999 -9999 -9999 -9999 -9999 -9999 -9999 -9999 -9999 -9999 -9999 -9999 -9999 -9999 -9999 -9999 -9999 -9999 -9999 -9999 -9999 -9999 -9999 -9999 -9999 -9999 -9999 -9999
-9999 -9999 -9999 -9999 -9999 -9999 -9999 -9999 -9999 -9999 -9999 -9999 -9999 -9999 -9999 -9999 -9999 -9999 -9999 -9999 -9999 -9999 -9999 -9999 -9999 -9999 -9999 -9999 -9999 -9999 -9999 -9999 -9999 -9999 -9999 -9999 -9999 -9999 -9999 -9999 -9999 -9999 -9999 -9999 -9999 -9999 -9999 -9999 -9999 -9999 -9999 -9999 -9999 -9999 -9999 -9999 -9999 -9999 -9999 -9999 -9999 -9999 -9999 -9999
-9999 -9999 -9999 -9999 -9999 -9999 -9999 -9999 -9999 -9999 -9999 -9999 -9999 -9999 -9999 -9999 -9999 -9999 -9999 -9999 -9999 -9999 -9999 -9999 -9999 -9999 -9999 -9999 -9999 -9999 -9999 -9999 -9999 -9999 -9999 -9999 -9999 -9999 -9999 -9999 -9999 -9999 -9999 -9999 -9999 -9999 -9999 -9999 -9999 -9999 -9999 -9999 -9999 -9999 -9999 -9999 -9999 -9999 -9999 -9999 -9999 -9999 -9999 -9999
-9999 -9999 -9999 -9999 -9999 -9999 26.5561157226563 25.9396687825521 25.3232218424479 24.7067749023438 24.3631306966146 24.8378946940104 25.3126586914063 25.7874226888021 25.7680867513021 25.2546508789063 24.7412150065104 24.2277791341146 23.7379821777344 23.2560648600261 22.7741475423177 22.2922302246094 22.5643737792969 22.8365173339844 23.1086608886719 -9999 -9999 -9999 -9999 -9999 -9999 -9999 -9999 -9999 -9999 -9999 -9999 -9999 -9999 -9999 -9999 -9999 -9999 -9999 -9999 -9999 -9999 -9999 -9999 -9999 -9999 -9999 -9999 -9999 -9999 -9999 -9999 -9999 -9999 -9999 -9999 -9999 -9999 -9999
-9999 -9999 -9999 -9999 -9999 26.5561157226563 26.5561157226563 25.9396687825521 25.3232218424479 24.7067749023438 24.3631306966146 24.8378946940104 25.3126586914063 25.7874226888021 25.7680867513021 25.2546508789063 24.7412150065104 24.2277791341146 23.7379821777344 23.2560648600261 22.7741475423177 22.2922302246094 22.5643737792969 22.8365173339844 23.1086608886719 23.3127685546875 23.3127685546875 -9999 -9999 -9999 -9999 -9999 -9999 -9999 -9999 -9999 -9999 -9999 -9999 -9999 -9999 -9999 -9999 -9999 -9999 -9999 -9999 -9999 -9999 -9999 23.4826293945313 23.4826293945313 23.4826293945313 -9999 -9999 -9999 -9999 -9999 -9999 -9999 -9999 -9999 -9999 -9999
25.5395263671875 25.61220703125 25.6848876953125 25.8736694335938 26.1011515299479 26.3286336263021 26.5561157226563 25.9396687825521 25.3232218424479 24.7067749023438 24.3631306966146 24.8378946940104 25.3126586914063 25.7874226888021 25.7680867513021 25.2546508789063 24.7412150065104 24.2277791341146 23.7379821777344 23.2560648600261 22.7741475423177 22.2922302246094 22.5643737792969 22.8365173339844 23.1086608886719 23.3127685546875 23.3127685546875 -9999 -9999 -9999 -9999 -9999 -9999 25.6329345703125 25.5170166015625 25.4010986328125 -9999 -9999 -9999 -9999 -9999 -9999 -9999 -9999 -9999 -9999 -9999 -9999 24.1147094726563 23.9040161132813 23.6933227539063 23.4826293945313 23.6933227539063 23.9040161132813 24.1147094726563 -9999 -9999 -9999 -9999 -9999 -9999 -9999 -9999 -9999
25.5395263671875 25.61220703125 25.6848876953125 25.8344604492188 26.0096638997396 26.1848673502604 26.3600708007813 25.9761173502604 25.5921638997396 25.2082104492188 24.98654296875 25.2517333984375 25.516923828125 25.7821142578125 25.7795719401042 25.509296875 25.2390218098959 24.9687467447917 24.6243884277344 24.2553356933594 23.8862829589844 23.5172302246094 23.4627071126302 23.4081840006511 23.3536608886719 23.3127685546875 23.3127685546875 -9999 -9999 -9999 -9999 -9999 -9999 25.6329345703125 25.5170166015625 25.4010986328125 -9999 -9999 -9999 -9999 -9999 -9999 -9999 -9999 -9999 -9999 -9999 -9999 24.2411254882813 24.1989868164063 24.1568481445313 24.1147094726563 24.1568481445313 24.1989868164063 24.2411254882813 -9999 -9999 -9999 -9999 -9999 -9999 -9999 -9999 -9999
25.5395263671875 25.61220703125 25.6848876953125 25.7952514648438 25.9181762695313 26.0411010742188 26.1640258789063 26.0125659179688 25.8611059570313 25.7096459960938 25.6099552408854 25.6655721028646 25.7211889648438 25.7768058268229 25.7910571289063 25.7639428710938 25.7368286132813 25.7097143554688 25.5107946777344 25.2546065266927 24.9984183756511 24.7422302246094 24.3610404459636 23.9798506673177 23.5986608886719 -9999 -9999 -9999 -9999 -9999 -9999 25.719873046875 25.719873046875 25.6329345703125 25.5170166015625 25.4010986328125 25.2851806640625 25.2851806640625 -9999 -9999 -9999 -9999 -9999 -9999 -9999 -9999 -9999 -9999 24.3675415039063 24.4939575195313 24.6203735351563 24.7467895507813 24.6203735351563 24.4939575195313 24.3675415039063 -9999 -9999 -9999 -9999 -9999 -9999 -9999 -9999 -9999
25.3209143066406 25.3549458821615 25.3889774576823 25.4670068359375 25.5597021484375 25.6523974609375 25.7450927734375 25.7401904296875 25.7352880859375 25.7303857421875 25.718651936849 25.6864237467448 25.6541955566406 25.6219673665365 25.6476745605469 25.7313171386719 25.8149597167969 25.8986022949219 25.8065563964844 25.6559476725261 25.5053389485677 25.3547302246094 25.3547302246094 -9999 -9999 -9999 -9999 -9999 -9999 -9999 -9999 25.719873046875 25.719873046875 25.6329345703125 25.5170166015625 25.4010986328125 25.2851806640625 25.2851806640625 -9999 -9999 -9999 -9999 -9999 -9999 -9999 -9999 -9999 -9999 -9999 -9999 25.0628295898438 25.0628295898438 25.0628295898438 -9999 -9999 -9999 -9999 -9999 -9999 -9999 -9999 -9999 -9999 -9999
24.8836901855469 24.8404235839844 24.7971569824219 24.8497265625 24.9342415364584 25.0187565104167 25.103271484375 25.1589908854167 25.2147102864584 25.2704296875 25.3126330566406 25.3142883300781 25.3159436035156 25.3175988769531 25.3494242350261 25.4114196777344 25.4734151204427 25.5354105631511 25.5116735839844 25.4593591308594 25.4070446777344 -9999 -9999 -9999 -9999 -9999 -9999 -9999 -9999 -9999 -9999 -9999 -9999 25.6329345703125 25.5170166015625 25.4010986328125 -9999 -9999 -9999 -9999 -9999 -9999 -9999 -9999 -9999 -9999 -9999 -9999 -9999 -9999 -9999 -9999 -9999 -9999 -9999 -9999 -9999 -9999 -9999 -9999 -9999 -9999 -9999 -9999
24.4464660644531 24.3259012858073 24.2053365071615 24.2324462890625 24.3087809244792 24.3851155598959 24.4614501953125 24.5777913411459 24.6941324869792 24.8104736328125 24.9066141764323 24.9421529134115 24.9776916503906 25.0132303873698 25.0511739095052 25.0915222167969 25.1318705240886 25.1722188313802 25.099789428711 24.9897674560547 24.8797454833985 -9999 -9999 -9999 -9999 -9999 -9999 -9999 -9999 -9999 -9999 -9999 -9999 -9999 -9999 -9999 -9999 -9999 -9999 -9999 -9999 -9999 -9999 -9999 -9999 -9999 -9999 -9999 -9999 -9999 -9999 -9999 -9999 -9999 -9999 -9999 -9999 -9999 -9999 -9999 -9999 -9999 -9999 23.7649780273438
24.0877233886719 24.0314554850261 23.9751875813802 23.9967822265625 24.0443310546875 24.0918798828125 24.1394287109375 24.2286735026042 24.3179182942709 24.4071630859375 24.4891654459636 24.5494405110677 24.6097155761719 24.6699906412761 24.720409749349 24.7609729003906 24.8015360514323 24.842099202474 24.835736694336 24.8137322998047 24.7917279052735 -9999 -9999 -9999 -9999 -9999 -9999 -9999 -9999 -9999 -9999 -9999 -9999 -9999 -9999 -9999 -9999 -9999 -9999 -9999 -9999 -9999 -9999 -9999 -9999 -9999 -9999 -9999 -9999 -9999 -9999 -9999 -9999 -9999 -9999 -9999 -9999 -9999 -9999 -9999 -9999 -9999 -9999 23.6873779296875
23.7289807128906 23.7370096842448 23.745038655599 23.7611181640625 23.7798811848959 23.7986442057292 23.8174072265625 23.8795556640625 23.9417041015625 24.0038525390625 24.0717167154948 24.156728108724 24.2417395019531 24.3267508951823 24.3896455891927 24.4304235839844 24.4712015787761 24.5119795735677 24.571683959961 24.6376971435547 24.7037103271485 -9999 -9999 -9999 -9999 -9999 -9999 -9999 -9999 -9999 -9999 -9999 -9999 -9999 -9999 -9999 -9999 -9999 -9999 -9999 -9999 -9999 -9999 -9999 -9999 -9999 -9999 -9999 -9999 -9999 -9999 -9999 -9999 -9999 -9999 -9999 -9999 -9999 -9999 -9999 -9999 23.6934753417969 23.6934753417969 23.6097778320313
23.5053088378906 23.5533345540365 23.6013602701823 23.6269189453125 23.6449886067709 23.6630582682292 23.6811279296875 23.7107731119792 23.7404182942709 23.7700634765625 23.8163492838542 23.9125569661459 24.0087646484375 24.1049723307292 24.1830590820313 24.2430249023438 24.3029907226563 24.3629565429688 24.5315441894531 24.7363391113281 24.9411340332031 25.1459289550781 25.3633524576823 25.5807759602865 25.7981994628907 25.8616577148438 25.4632202148438 25.0647827148438 24.6663452148438 -9999 -9999 -9999 -9999 -9999 -9999 -9999 -9999 -9999 -9999 -9999 -9999 -9999 -9999 -9999 -9999 -9999 -9999 -9999 -9999 -9999 -9999 -9999 -9999 -9999 -9999 -9999 -9999 -9999 -9999 23.9539310709636 23.8349499511719 23.7159688313802 23.5969877115886 23.433271484375
23.4167077636719 23.4804300944011 23.5441524251302 23.5941845703125 23.6396533203125 23.6851220703125 23.7305908203125 23.7223258463542 23.7140608723959 23.7057958984375 23.7230631510417 23.8169270833334 23.910791015625 24.0046549479167 24.1006502278646 24.1987768554688 24.2969034830729 24.3950301106771 24.5648352050781 24.7585331217448 24.9522310384115 25.1459289550781 25.3633524576823 25.5807759602865 25.7981994628906 25.8616577148438 25.4632202148438 25.0647827148438 24.6663452148438 24.4671264648438 24.4671264648438 -9999 -9999 -9999 -9999 -9999 -9999 -9999 24.6231628417969 24.6231628417969 24.6231628417969 24.6231628417969 -9999 -9999 -9999 -9999 -9999 -9999 -9999 -9999 -9999 -9999 -9999 -9999 -9999 -9999 -9999 24.0134216308594 24.0134216308594 23.9202689615886 23.7339636230469 23.5476582845052 23.3613529459636 23.1578588867188
23.3281066894531 23.4075256347656 23.4869445800781 23.5614501953125 23.6343180338542 23.7071858723959 23.7800537109375 23.7338785807292 23.6877034505209 23.6415283203125 23.6297770182292 23.7212972005209 23.8128173828125 23.9043375651042 24.0182413736979 24.1545288085938 24.2908162434896 24.4271036783854 24.5981262207031 24.7807271321615 24.9633280436198 25.1459289550781 25.3633524576823 25.5807759602865 25.7981994628907 25.8616577148438 25.4632202148438 25.0647827148438 24.6663452148438 24.2666381835938 23.8656616210938 23.4646850585938 23.0637084960938 23.1550720214844 23.4105489095052 23.6660257975261 23.9215026855469 24.1086120605469 24.2957214355469 24.4828308105469 24.6748575846354 24.8816365559896 25.0884155273438 25.2951944986979 25.2998006184896 25.1022338867188 24.9046671549479 24.7071004231771 24.5640686035156 24.4392150878906 24.3143615722656 24.1895080566406 24.1226135253906 24.0557189941406 23.9888244628906 23.9436381022136 23.9635762532552 23.9835144042969 24.0034525553386 23.8866068522136 23.6329772949219 23.3793477376302 23.1257181803386 22.8824462890625
