data/climate/sant/min_temp.asc
NCOLS 360 
NROWS 180 
XLLCORNER -180 
YLLCORNER -90 
CELLSIZE 1 
NODATA_value -9999 
[rows 28 to 55 of 180, columns 128 to 191 of 360]
-5.71574788411456 -6.77098551432289 -7.82622314453123 -8.6512023925781 -8.7854064941406 -8.9196105957031 -9.0538146972656 -9.12091674804685 -9.12091674804685 -9999 -9999 -9999 -9999 -11.5353149414062 -11.5353149414062 -11.4274861653646 -11.3196573893229 -11.2118286132812 -11.13095703125 -11.13095703125 -9999 -9999 -11.2446551513672 -11.3174798583984 -11.3903045654297 -11.4631292724609 -11.4374353027344 -11.3789017740885 -11.3203682454427 -11.2618347167969 -11.7816035970052 -12.3013724772135 -12.8211413574219 -13.5250290934245 -14.7812733968099 -16.0375177001953 -17.2937620035807 -17.8263682047526 -17.6353363037109 -17.4443044026692 -17.2532725016276 -16.6778161621094 -15.9742183430989 -15.2706205240885 -14.5670227050781 -14.8395585123698 -15.1120943196614 -15.3846301269531 -15.254912516276 -13.9184346516927 -12.5819567871094 -11.245478922526 -10.6871122233073 -10.9068566894531 -11.1266011555989 -11.3463456217448 -11.6374938964844 -11.9524434407552 -12.267392985026 -12.5823425292969 -12.540781656901 -12.4992207845052 -12.4576599121094 -9999
-5.32814290364581 -6.52432779947914 -7.72051269531248 -8.6512023925781 -8.7854064941406 -8.9196105957031 -9.0538146972656 -9999 -9999 -9999 -9999 -9999 -9999 -9999 -11.5353149414062 -11.4274861653646 -11.3196573893229 -11.2118286132812 -9999 -9999 -9999 -9999 -11.0990057373047 -10.8805316162109 -10.6620574951172 -10.4435833740234 -10.3849841308594 -10.3796765136719 -10.3743688964844 -10.3690612792969 -11.0375703938802 -11.7060795084635 -12.3745886230469 -13.2395102945963 -14.6936696370442 -16.1478289794922 -17.6019883219401 -18.1495188395182 -17.7904205322265 -17.4313222249349 -17.0722239176432 -16.4240832519531 -15.6795951334635 -14.9351070149739 -14.1906188964844 -14.473711344401 -14.7568037923177 -15.0398962402344 -14.9256758626302 -13.6195170084635 -12.3133581542969 -11.0071993001302 -10.5021643066406 -10.7982531738281 -11.0943420410156 -11.3904309082031 -11.5633483886719 -11.6952087402344 -11.8270690917969 -11.9589294433594 -12.0836120605469 -12.2082946777344 -12.3329772949219 -9999
-3.8676818847656 -9999 -9999 -9999 -9999 -9999 -9999 -9999 -9999 -9999 -9999 -9999 -9999 -9999 -9999 -9999 -9999 -9999 -9999 -9999 -9999 -9999 -9999 -9999 -9.8427795410156 -9.8427795410156 -9.87452636718748 -9.91685546874998 -9.95918457031248 -10.001513671875 -10.6852018229166 -11.3688899739583 -12.052578125 -12.9038850911458 -14.2580485026041 -15.6122119140625 -16.9663753255208 -17.4665665690104 -17.1127856445312 -16.7590047200521 -16.4052237955729 -15.8723828125 -15.2798551432291 -14.6873274739583 -14.0947998046875 -14.1654801432291 -14.2361604817708 -14.3068408203125 -14.0633837890625 -12.8775146484375 -11.6916455078125 -10.5057763671875 -10.0917260742187 -10.4494946289062 -10.8072631835937 -11.1650317382812 -11.3330236816406 -11.4377567545573 -11.5424898274739 -11.6472229003906 -11.6472229003906 -9999 -9999 -9999
-9999 -9999 -9999 -9999 -9999 -9999 -9999 -9999 -9999 -9999 -9999 -9999 -9999 -9999 -9999 -9999 -9999 -9999 -9999 -9999 -9999 -9999 -9999 -9999 -9999 -9999 -9.90606201171873 -9.99043863932289 -10.0748152669271 -10.1591918945312 -10.7244978841146 -11.2898038736979 -11.8551098632812 -12.5181534830729 -13.4744099934896 -14.4306665039062 -15.3869230143229 -15.7775113932291 -15.602431640625 -15.4273518880208 -15.2522721354166 -15.02271484375 -14.7749983723958 -14.5272819010416 -14.2795654296875 -13.9148649088541 -13.5501643880208 -13.1854638671875 -12.6680362955729 -11.6924275716146 -10.7168188476562 -9.74121012369789 -9.45579752604164 -9.86058105468748 -10.2653645833333 -10.6701481119791 -10.9465197753906 -11.1800874837239 -11.4136551920573 -9999 -9999 -9999 -9999 -9999
-9999 -9999 -9999 -9999 -9999 -9999 -9999 -9999 -9999 -9999 -9999 -9999 -9999 -9999 -9999 -9999 -9999 -9999 -9999 -9999 -9999 -9999 -9999 -9999 -9999 -9999 -8.31062011718748 -8.97937011718748 -9.64812011718748 -10.3168701171875 -10.7637939453125 -11.2107177734375 -11.6576416015625 -12.132421875 -12.690771484375 -13.24912109375 -13.807470703125 -14.0884562174479 -14.0920776367187 -14.0956990559896 -14.0993204752604 -14.173046875 -14.2701416015625 -14.367236328125 -14.4643310546875 -13.6642496744791 -12.8641682942708 -12.0640869140625 -11.2726888020833 -10.5073404947916 -9.74199218749998 -8.97664388020831 -8.81986897786456 -9.27166748046873 -9.72346598307289 -10.1752644856771 -10.0980987548828 -9.84461161295571 -9.59112447102862 -9999 -9999 -9999 -9999 -6.92773234049477
-9999 -9999 -9999 -9999 -9999 -9999 -9999 -9999 -9999 -9999 -9999 -9999 -9999 -9999 -9999 -9999 -9999 -9999 -9999 -9999 -9999 -9999 -9999 -9999 -9999 -9999 -7.90937011718748 -8.04312011718748 -8.17687011718748 -8.31062011718748 -9.11303548177081 -9.91545084635414 -10.7178662109375 -11.3804964192708 -11.6237711588541 -11.8670458984375 -12.1103206380208 -12.3893937174479 -12.7042651367187 -13.0191365559896 -13.3340079752604 -13.3789990234375 -13.3340299479166 -13.2890608723958 -13.244091796875 -12.42341796875 -11.602744140625 -10.7820703125 -10.0192724609375 -9.43010253906248 -8.84093261718748 -8.25176269531248 -8.16658772786456 -8.58540771484373 -9.00422770182289 -9.42304768880206 -9.48972961425779 -9.43903218587237 -9.38833475748696 -9999 -9999 -9999 -9999 -6.94862508138019
-9999 -9999 -9999 -9999 -9999 -9999 -9999 -9999 -9999 -9999 -9999 -9999 -9999 -9999 -9999 -9999 -9999 -9999 -9999 -9999 -1.75180664062498 -1.75180664062498 -1.75180664062498 -1.75180664062498 -9999 -9999 -7.50812011718748 -7.10687011718748 -6.70562011718748 -6.30437011718748 -7.46227701822914 -8.62018391927081 -9.77809082031248 -10.6285709635416 -10.5567708333333 -10.484970703125 -10.4131705729166 -10.6903312174479 -11.3164526367187 -11.9425740559896 -12.5686954752604 -12.584951171875 -12.3979182942708 -12.2108854166666 -12.0238525390625 -11.1825862630208 -10.3413199869791 -9.50005371093748 -8.76585611979164 -8.35286458333331 -7.93987304687498 -7.52688151041664 -7.51330647786456 -7.89914794921873 -8.2849894205729 -8.67083089192706 -8.88136047363279 -9.03345275878904 -9.18554504394529 -9999 -9999 -9999 -9999 -6.9695178222656
2.47812703450523 2.07991739908856 1.6817077636719 -9999 -9999 -9999 -9999 -9999 -9999 -9999 -9999 -9999 -9999 -9999 -9999 -9999 -9999 -9999 0.376359049479189 -0.170426432291644 -0.717211914062477 -1.26399739583331 -1.35033772786456 -0.976232910156227 -0.602128092447894 -0.228023274739561 -1.06004760742185 -2.29411499023435 -3.52818237304685 -4.76224975585935 -5.88917032877602 -7.01609090169269 -8.14301147460935 -9.02169637044268 -9.15567423502602 -9.28965209960935 -9.42362996419268 -9.81303507486977 -10.4578674316406 -11.1026997884114 -11.7475321451823 -11.6720092773437 -11.3563680013021 -11.0407267252604 -10.7250854492187 -10.0003914388021 -9.27569742838539 -8.55100341796873 -7.92148152669269 -7.57747599283852 -7.23347045898435 -6.88946492513019 -6.94007527669268 -7.38530151367185 -7.83052775065102 -8.27575398763019 -8.38706054687498 -8.38706054687498 -9999 -9999 -9999 -9999 -9999 -3.40392415364581
2.47812703450523 2.07991739908856 1.6817077636719 1.3830505371094 1.3830505371094 -9999 -9999 -9999 -9999 -9999 -9999 -9999 -9999 -9999 -9999 -9999 0.513055419921898 0.513055419921898 0.404947916666689 -0.0274820963541439 -0.459912109374977 -0.892342122395811 -0.978682454427061 -0.718933105468727 -0.459183756510394 -0.199434407552061 -0.844449462890602 -1.79105265299477 -2.73765584309894 -3.6842590332031 -4.39371541341144 -5.10317179361977 -5.8126281738281 -6.55987263997394 -7.42048136393227 -8.2810900878906 -9.14169881184894 -9.75750528971352 -10.1285095214844 -10.4995137532552 -10.870517985026 -10.6401733398437 -10.2093790690104 -9.77858479817706 -9.34779052734373 -8.87683349609373 -8.40587646484373 -7.93491943359373 -7.4861486816406 -7.1039367675781 -6.7217248535156 -6.3395129394531 -6.44689412434894 -7.0438684082031 -7.64084269205727 -8.23781697591144 -9999 -9999 -9999 -9999 -9999 -3.17136230468748 -3.17136230468748 -3.31248453776039
2.47812703450523 2.07991739908856 1.6817077636719 1.42413838704429 1.58848978678388 1.75284118652346 1.91719258626304 -9999 -9999 -9999 -9999 -9999 -9999 -9999 0.66297302246096 0.62299499511721 0.58301696777346 0.54303894042971 0.433536783854189 0.115462239583356 -0.202612304687477 -0.520686848958311 -0.607027180989561 -0.461633300781227 -0.316239420572894 -0.170845540364561 -0.628851318359352 -1.28799031575519 -1.94712931315102 -2.60626831054685 -2.89826049804685 -3.19025268554685 -3.48224487304685 -4.09804890950519 -5.68528849283852 -7.27252807617185 -8.85976765950519 -9.70197550455727 -9.7991516113281 -9.89632771809893 -9.99350382486977 -9.60833740234373 -9.06239013671873 -8.51644287109373 -7.97049560546873 -7.75327555338539 -7.53605550130206 -7.31883544921873 -7.05081583658852 -6.63039754231769 -6.20997924804685 -5.78956095377602 -5.5793518066406 -5.5793518066406 -9999 -9999 -9999 -9999 -9999 0.643395996093773 -0.373872884114561 -1.39114176432289 -2.40841064453123 -3.22104492187498
2.93038777669273 2.54701212565106 2.1636364746094 1.88432230631513 1.91719258626304 1.95006286621096 1.98293314615888 -9999 -9999 -9999 -9999 -9999 -9999 -9999 0.66297302246096 0.65497741699221 0.64698181152346 0.63898620605471 0.558926595052106 0.262674967447939 -0.0335766601562273 -0.329828287760394 -0.442822265624977 -0.372558593749977 -0.302294921874977 -0.232031249999977 -0.550128173828102 -0.997678629557269 -1.44522908528644 -1.8927795410156 -2.04468709309894 -2.19659464518227 -2.3485021972656 -2.85012084960935 -4.40087280273435 -5.95162475585935 -7.50237670898435 -8.0938635253906 -7.7260852050781 -7.3583068847656 -6.9905285644531 -6.95339599609373 -7.02647867838539 -7.09956136067706 -7.17264404296873 -7.16818440755206 -7.16372477213539 -7.15926513671873 -7.05081583658852 -6.63039754231769 -6.20997924804685 -5.78956095377602 -5.5793518066406 -5.5793518066406 -9999 -9999 -9999 -9999 -9999 0.643395996093773 0.0187052408854395 -0.605985514322894 -1.23067626953123 -1.71334879557289
3.38264851888023 3.01410685221356 2.6455651855469 2.34450622558596 2.24589538574221 2.14728454589846 2.04867370605471 -9999 -9999 -9999 -9999 -9999 -9999 -9999 0.66297302246096 0.68695983886721 0.71094665527346 0.73493347167971 0.684316406250023 0.409887695312523 0.135458984375023 -0.138969726562477 -0.278617350260394 -0.283483886718727 -0.288350423177061 -0.293216959635394 -0.471405029296852 -0.707366943359352 -0.943328857421852 -1.17929077148435 -1.19111368815102 -1.20293660481769 -1.21475952148435 -1.60219278971352 -3.11645711263019 -4.63072143554685 -6.14498575846352 -6.48575154622394 -5.6530187988281 -4.82028605143227 -3.98755330403644 -4.29845458984373 -4.99056722005206 -5.68267985026039 -6.37479248046873 -6.58309326171873 -6.79139404296873 -6.99969482421873 -7.05081583658852 -6.63039754231769 -6.20997924804685 -5.78956095377602 -9999 -9999 -9999 -9999 -9999 -9999 0.643395996093773 0.643395996093773 0.411283365885439 0.179170735677106 -0.0529418945312273 -0.205652669270811
3.80092976888023 3.46460978190106 3.1282897949219 2.92038859049481 3.09774373372398 3.27509887695315 3.45245402018231 3.55926717122398 3.59553833007815 3.63180948893231 3.66808064778648 3.5992370605469 3.4953552246094 3.3914733886719 3.2875915527344 2.65857625325523 2.02956095377606 1.4005456542969 0.867101236979189 0.620369466145856 0.373637695312523 0.126905924479189 -0.000313313802060587 -0.00802001953122727 -0.015726725260394 -0.0234334309895606 -0.160108642578102 -0.339773356119769 -0.519438069661436 -0.699102783203102 -0.673801676432269 -0.648500569661436 -0.623199462890602 -0.917954508463519 -2.17287801106769 -3.42780151367185 -4.68272501627602 -4.86215128580727 -3.9660803222656 -3.07000935872394 -2.17393839518227 -2.75510986328123 -3.82869547526039 -4.90228108723956 -5.97586669921873 -5.97586669921873 -9999 -9999 -9999 -9999 -9999 -9999 -9999 -9999 -9999 -9999 -9999 -9999 0.643395996093773 0.643395996093773 0.607572428385439 0.571748860677106 0.535925292968773 0.589560546875023
4.18523152669273 3.89852091471356 3.6118103027344 3.40640096028648 3.44489542643231 3.48338989257815 3.52188435872398 3.55926717122398 3.59553833007815 3.63180948893231 3.66808064778648 3.5992370605469 3.4953552246094 3.3914733886719 3.2875915527344 2.72038614908856 2.15318074544273 1.5859753417969 1.10728108723961 0.894120279947939 0.680959472656273 0.467798665364606 0.392089843750023 0.453833007812523 0.515576171875023 0.577319335937523 0.383760986328148 0.105102132161481 -0.173556722005186 -0.452215576171852 -0.492751057942686 -0.533286539713519 -0.573822021484352 -0.797406005859352 -1.57013549804685 -2.34286499023435 -3.11559448242185 -3.2230627441406 -2.6652697753906 -2.1074768066406 -1.5496838378906 -2.32336181640623 -3.54086344401039 -4.75836507161456 -9999 -9999 -9999 -9999 -9999 -9999 3.2484069824219 3.2484069824219 3.2484069824219 3.2484069824219 -9999 -9999 -9999 -9999 -9999 0.643395996093773 0.607572428385439 0.571748860677106 0.535925292968773 0.672290852864606
4.56953328450523 4.33243204752606 4.0953308105469 3.89241333007815 3.79204711914065 3.69168090820315 3.59131469726565 3.55926717122398 3.59553833007815 3.63180948893231 3.66808064778648 3.5992370605469 3.4953552246094 3.3914733886719 3.2875915527344 2.7821960449219 2.2768005371094 1.7714050292969 1.34746093750002 1.16787109375002 0.988281250000023 0.808691406250023 0.784493001302106 0.915686035156273 1.04687906901044 1.17807210286461 0.927630615234398 0.549977620442731 0.172324625651064 -0.205328369140602 0.00551554361981441 0.216359456380231 0.427203369140648 -9999 -9999 -1.6937316894531 -1.6937316894531 -1.58397420247394 -1.3644592285156 -1.14494425455727 -0.925429280598936 -0.870550537109352 -0.870550537109352 -9999 -9999 -9999 -9999 -9999 5.80063273111981 5.07142537434898 4.34221801757815 3.61301066080731 3.49774169921877 3.99641113281252 4.49508056640627 4.99375000000002 -9999 -9999 -9999 -9999 -9999 -9999 -9999 -9999
5.10866821289065 4.90456176757815 4.70045532226565 4.52213094075523 4.42115275065106 4.3201745605469 4.21919637044273 4.14352254231773 4.0931530761719 4.04278361002606 3.99241414388023 3.8766149902344 3.73900594075523 3.60139689127606 3.4637878417969 3.07544962565106 2.68711140950523 2.2987731933594 1.96242675781252 1.78205566406252 1.60168457031252 1.42131347656252 1.39328531901044 1.51760009765627 1.64191487630211 1.76622965494794 1.52328735351565 1.15792602539065 0.792564697265648 0.427203369140648 0.469372151692731 0.511540934244814 0.553709716796898 -9999 -9999 -1.6937316894531 -1.6937316894531 -1.58397420247394 -1.3644592285156 -1.14494425455727 -0.925429280598935 -0.870550537109352 -0.870550537109352 -9999 -9999 -9999 -9999 -9999 5.90036661783856 5.57009480794273 5.2398229980469 4.90955118815106 4.79428222656252 4.89401611328127 4.99375000000002 5.09348388671877 -9999 -9999 -9999 -9999 -9999 -9999 -9999 -9999
5.64780314127606 5.47669148763023 5.3055798339844 5.15184855143231 5.05025838216148 4.94866821289065 4.84707804361981 4.72777791341148 4.59076782226565 4.45375773111981 4.31674763997398 4.1539929199219 3.98265665690106 3.81132039388023 3.6399841308594 3.36870320638023 3.09742228190106 2.8261413574219 2.57739257812502 2.39624023437502 2.21508789062502 2.03393554687502 2.00207763671877 2.11951416015627 2.23695068359377 2.35438720703127 2.1189440917969 1.76587443033856 1.41280476888023 1.0597351074219 0.933228759765648 0.806722412109398 0.680216064453148 -9999 -9999 -9999 -9999 -1.58397420247394 -1.3644592285156 -1.14494425455727 -0.925429280598936 -9999 -9999 -9999 -9999 -9999 5.98293457031252 5.98293457031252 6.00010050455731 6.06876424153648 6.13742797851565 6.20609171549482 6.09082275390627 5.79162109375002 5.49241943359377 5.19321777343752 -9999 -9999 -9999 -9999 -9999 -9999 -9999 -9999
6.28086222330731 6.11284138997398 5.94482055664065 5.79675984700523 5.70857950846356 5.6203991699219 5.53221883138023 5.39697957356773 5.2146813964844 5.03238321940106 4.85008504231773 4.6832702636719 4.52161661783856 4.35996297200523 4.1983093261719 3.9300817871094 3.6618542480469 3.3936267089844 3.15873128255211 3.02383219401044 2.88893310546877 2.75403401692711 2.68530192057294 2.68273681640627 2.68017171223961 2.67760660807294 2.53047119140627 2.33514567057294 2.13982014973961 1.94449462890627 2.17189208984377 2.39928955078127 2.62668701171877 -9999 -9999 -9999 -9999 -9999 -9999 -9999 -9999 -9999 -9999 -9999 -9999 -9999 5.98293457031252 5.98293457031252 6.07701985677086 6.45336100260419 6.82970214843752 7.20604329427086 7.47537109375002 7.63768554687502 7.80000000000002 7.96231445312502 -9999 -9999 -9999 -9999 -9999 -9999 -9999 -9999
7.0078454589844 6.8130114746094 6.6181774902344 6.45686482747398 6.39611612955731 6.33536743164065 6.27461873372398 6.15112752278648 5.96489379882815 5.77866007486981 5.59242635091148 5.4644470214844 5.35588582356773 5.24732462565106 5.1387634277344 4.75958536783856 4.38040730794273 4.0012292480469 3.70644287109377 3.66483154296877 3.62322021484377 3.58160888671877 3.44295817057294 3.20726806640627 2.97157796223961 2.73588785807294 2.75786865234377 2.86573974609377 2.97361083984377 3.08148193359377 3.00568277994794 2.92988362630211 2.85408447265627 -9999 -9999 -9999 -9999 -9999 -9999 -9999 -9999 -9999 -9999 -9999 -9999 -9999 -9999 -9999 6.13112467447919 6.72388509114586 7.31664550781252 7.90940592447919 8.17873372395836 8.12462890625002 8.07052408854169 8.01641927083336 -9999 -9999 -9999 -9999 -9999 -9999 -9999 -9999
7.73482869466148 7.51318155924481 7.29153442382815 7.11696980794273 7.08365275065106 7.0503356933594 7.01701863606773 6.90527547200523 6.7151062011719 6.52493693033856 6.33476765950523 6.2456237792969 6.1901550292969 6.1346862792969 6.0792175292969 5.58908894856773 5.09896036783856 4.6088317871094 4.25415445963544 4.30583089192711 4.35750732421877 4.40918375651044 4.43502197265627 4.43502197265627 -9999 -9999 -9999 -9999 4.21846923828127 4.21846923828127 4.21846923828127 -9999 -9999 -9999 -9999 -9999 -9999 -9999 -9999 -9999 -9999 -9999 -9999 -9999 -9999 -9999 -9999 -9999 -9999 -9999 9.01735839843752 9.01735839843752 9.01735839843752 9.01735839843752 -9999 -9999 -9999 -9999 -9999 9.88848266601565 9.87839152018231 9.86830037434898 9.85820922851565 -9999
8.2884948730469 8.0741394042969 7.8597839355469 7.65012898763023 7.45457560221356 7.2590222167969 7.06346883138023 6.87669474283856 6.6986999511719 6.52070515950523 6.34271036783856 6.2833483886719 6.26353068033856 6.24371297200523 6.2238952636719 5.69518595377606 5.16647664388023 4.6377673339844 4.25415445963544 4.30583089192711 4.35750732421877 4.40918375651044 4.43502197265627 4.43502197265627 -9999 -9999 -9999 -9999 4.21846923828127 4.21846923828127 4.21846923828127 -9999 -9999 -9999 -9999 -9999 -9999 -9999 -9999 -9999 -9999 -9999 -9999 -9999 -9999 -9999 -9999 -9999 -9999 -9999 9.01735839843752 9.01735839843752 9.01735839843752 9.01735839843752 -9999 -9999 -9999 -9999 -9999 9.88848266601565 9.87839152018232 9.86830037434898 9.85820922851565 -9999
8.84216105143231 8.63509724934898 8.42803344726565 8.18328816731773 7.82549845377607 7.4677087402344 7.10991902669273 6.8481140136719 6.6822937011719 6.5164733886719 6.3506530761719 6.3210729980469 6.33690633138023 6.35273966471356 6.3685729980469 5.8012829589844 5.2339929199219 4.6667028808594 4.25415445963544 4.30583089192711 4.35750732421877 4.40918375651044 -9999 -9999 -9999 -9999 -9999 -9999 -9999 -9999 -9999 -9999 -9999 -9999 -9999 -9999 -9999 -9999 -9999 -9999 -9999 -9999 -9999 -9999 -9999 -9999 -9999 -9999 -9999 -9999 -9999 -9999 -9999 -9999 -9999 -9999 -9999 -9999 9.88848266601565 9.88848266601565 9.87839152018231 9.86830037434898 9.85820922851565 9.85064086914065
9.33073567708336 9.09652994791669 8.86232421875002 8.57727620442711 8.13970133463544 7.70212646484377 7.26455159505211 7.02022867838544 6.96915771484377 6.91808675130211 6.86701578776044 6.7715808105469 6.66135782877606 6.55113484700523 6.4409118652344 6.4409118652344 -9999 -9999 -9999 -9999 -9999 -9999 -9999 -9999 -9999 -9999 -9999 -9999 -9999 -9999 -9999 -9999 -9999 -9999 -9999 -9999 -9999 -9999 -9999 -9999 -9999 -9999 -9999 -9999 -9999 -9999 -9999 -9999 -9999 -9999 -9999 -9999 -9999 -9999 -9999 -9999 -9999 -9999 9.88848266601565 9.88848266601565 9.87839152018231 9.86830037434898 9.85820922851565 9.85064086914065
9.75421875000002 9.45843750000002 9.16265625000002 8.83209309895836 8.39718424479169 7.96227539062502 7.52736653645836 7.39303873697919 7.55929199218752 7.72554524739586 7.89179850260419 7.6348718261719 7.23688517252606 6.83889851888023 -9999 -9999 -9999 -9999 -9999 -9999 -9999 -9999 -9999 -9999 -9999 -9999 -9999 -9999 -9999 -9999 -9999 -9999 -9999 -9999 -9999 -9999 -9999 -9999 -9999 -9999 -9999 -9999 -9999 -9999 -9999 -9999 -9999 -9999 -9999 -9999 -9999 -9999 -9999 -9999 -9999 -9999 -9999 -9999 -9999 9.88848266601565 9.87839152018232 9.86830037434898 9.85820922851565 -9999
10.1777018229167 9.82034505208336 9.46298828125002 9.08690999348961 8.65466715494794 8.22242431640627 7.79018147786461 7.76584879557294 8.14942626953127 8.5330037434896 8.91658121744794 9.01247558593752 9.01247558593752 -9999 -9999 -9999 -9999 -9999 -9999 -9999 -9999 -9999 -9999 -9999 -9999 -9999 -9999 -9999 -9999 -9999 -9999 -9999 -9999 -9999 -9999 -9999 -9999 -9999 -9999 -9999 -9999 -9999 -9999 -9999 -9999 -9999 -9999 -9999 -9999 -9999 -9999 -9999 -9999 -9999 -9999 -9999 -9999 -9999 -9999 -9999 -9999 -9999 -9999 -9999
10.0899251302084 9.76437174479169 9.43881835937502 9.08661376953127 8.65445556640627 8.22229736328127 7.79013916015627 7.76584879557294 8.14942626953127 8.5330037434896 8.91658121744794 9.01247558593752 9.01247558593752 -9999 -9999 -9999 -9999 -9999 -9999 -9999 -9999 -9999 -9999 -9999 -9999 -9999 -9999 -9999 -9999 -9999 -9999 -9999 -9999 -9999 -9999 -9999 -9999 -9999 -9999 -9999 -9999 -9999 -9999 -9999 -9999 -9999 -9999 -9999 -9999 -9999 -9999 -9999 -9999 -9999 -9999 -9999 -9999 -9999 -9999 -9999 -9999 -9999 -9999 -9999
10.0021484375 9.70839843750002 9.41464843750002 9.08631754557294 8.65424397786461 8.22217041015627 7.79009684244794 7.76584879557294 8.14942626953127 8.5330037434896 8.91658121744794 -9999 -9999 -9999 -9999 -9999 -9999 -9999 -9999 -9999 -9999 -9999 -9999 -9999 -9999 -9999 -9999 -9999 -9999 -9999 -9999 -9999 -9999 -9999 -9999 -9999 -9999 -9999 -9999 -9999 -9999 -9999 -9999 -9999 -9999 -9999 -9999 -9999 -9999 -9999 -9999 -9999 -9999 -9999 -9999 -9999 -9999 -9999 -9999 -9999 -9999 -9999 -9999 -9999
10.5600508626302 10.0633695475261 9.5666882324219 9.19417724609377 9.19417724609377 -9999 -9999 -9999 -9999 -9999 -9999 -9999 -9999 -9999 -9999 -9999 -9999 -9999 -9999 -9999 -9999 -9999 -9999 -9999 -9999 -9999 -9999 -9999 -9999 -9999 -9999 -9999 -9999 -9999 -9999 -9999 -9999 -9999 -9999 -9999 -9999 -9999 -9999 -9999 -9999 -9999 -9999 -9999 15.7617329915365 16.0843241373698 16.4069152832031 16.7295064290365 -9999 -9999 -9999 -9999 -9999 -9999 -9999 -9999 -9999 -9999 -9999 -9999
