data/climate/sant/min_precip.asc
NCOLS 360 
NROWS 180 
XLLCORNER -180 
YLLCORNER -90 
CELLSIZE 1 
NODATA_value -9999 
[rows 112 to 139 of 180, columns 186 to 247 of 360]
0.0855327288445551 0.103362057780032 0.104170898339362 0.104979738898692 0.105788579458022 0.106179756985512 0.105317945417482 0.104456133849453 0.103594322281424 0.104389484622516 0.106841620872729 0.109293757122941 0.111745893373154 0.111376512068091 0.110066624911269 0.108756737754447 0.107446850597626 0.0972501527576242 0.0870534549176227 0.0768567570776213 0.0892591422598343 0.169458776508691 0.249658410757547 0.329858045006404 0.369957862130832 0.369957862130832 -9999 -9999 -9999 -9999 -9999 -9999 -9999 -9999 -9999 -9999 -9999 -9999 -9999 -9999 -9999 -9999 -9999 -9999 -9999 -9999 -9999 -9999 -9999 -9999 -9999 -9999 -9999 -9999 -9999 -9999 -9999 -9999 -9999 -9999 -9999 -9999
0.0777500679687364 0.0929348923091311 0.0999876676651184 0.107040443021106 0.114093218377093 0.120752144604921 0.126229523448274 0.131706902291626 0.137184281134978 0.137087904964574 0.131417773780413 0.125747642596252 0.120077511412092 0.126358523819363 0.136623250757111 0.14688797769486 0.157152704632608 0.153230124298716 0.149307543964824 0.145384963630931 0.157610683963867 0.218281306297285 0.278951928630704 0.339622550964123 0.369957862130832 0.369957862130832 -9999 -9999 -9999 -9999 -9999 -9999 -9999 -9999 -9999 -9999 -9999 -9999 -9999 -9999 -9999 -9999 -9999 -9999 -9999 -9999 -9999 -9999 -9999 -9999 -9999 -9999 -9999 -9999 -9999 -9999 -9999 -9999 -9999 -9999 -9999 -9999
0.0699674070929177 0.0825077268382302 0.0958044369908748 0.109101147143519 0.122397857296164 0.135324532224331 0.147141101479065 0.158957670733798 0.170774239988532 0.169786325306632 0.155993926688097 0.142201528069563 0.128409129451029 0.141340535570635 0.163179876602953 0.185019217635272 0.206858558667591 0.209210095839808 0.211561633012025 0.213913170184242 0.225962225667899 0.26710383608588 0.308245446503861 0.349387056921842 -9999 -9999 -9999 -9999 -9999 -9999 -9999 -9999 -9999 -9999 -9999 -9999 -9999 -9999 -9999 -9999 -9999 -9999 -9999 -9999 -9999 -9999 -9999 -9999 -9999 -9999 -9999 -9999 -9999 -9999 -9999 -9999 -9999 -9999 -9999 -9999 -9999 -9999
0.0672649756234023 0.074646780230978 0.0911663203660282 0.107685860501078 0.124205400636129 0.140282148204278 0.155030518071726 0.169778887939174 0.184527257806621 0.185610787739279 0.173029477737145 0.160448167735012 0.147866857732879 0.172499854874332 0.209537621063646 0.24657538725296 0.283613153442275 0.273090671456885 0.262568189471494 0.252045707486104 0.243339858556283 0.240083908793167 0.236827959030052 0.233572009266936 -9999 -9999 -9999 -9999 -9999 -9999 -9999 -9999 -9999 -9999 -9999 -9999 -9999 -9999 -9999 -9999 -9999 -9999 -9999 0.660489598230924 0.554594278510194 0.448698958789464 -9999 -9999 -9999 -9999 -9999 -9999 -9999 -9999 -9999 -9999 -9999 -9999 -9999 -9999 -9999 -9999
0.0696427735601901 0.0693520524873747 0.0860733177905786 0.102794583093782 0.119515848396986 0.135624992544763 0.149897773226257 0.164170553907752 0.178443334589247 0.184561292262515 0.182524426927557 0.180487561592599 0.178450696257642 0.219836481730454 0.275696484139189 0.331556486547925 0.38741648895666 0.344871851149946 0.302327213343233 0.259782575536519 0.22814542632841 0.229230742916116 0.230316059503821 0.231401376091526 -9999 -9999 -9999 -9999 -9999 -9999 -9999 -9999 -9999 -9999 -9999 -9999 -9999 -9999 -9999 -9999 -9999 0.739911088021472 0.739911088021472 0.660489598230924 0.554594278510194 0.448698958789464 0.342803639068734 0.342803639068734 -9999 -9999 -9999 -9999 -9999 -9999 -9999 -9999 -9999 -9999 -9999 -9999 -9999 -9999
0.0720205714969779 0.0640573247437715 0.0809803152151289 0.0979033056864864 0.114826296157844 0.130967836885247 0.144765028380789 0.15856221987633 0.172359411371872 0.183511796785751 0.192019376117969 0.200526955450187 0.209034534782404 0.267173108586576 0.341855347214732 0.416537585842889 0.491219824471045 0.416653030843008 0.342086237214971 0.267519443586934 0.211141516047064 0.209330186771695 0.207518857496325 0.205707528220955 -9999 -9999 -9999 -9999 -9999 -9999 -9999 -9999 -9999 -9999 -9999 -9999 -9999 -9999 -9999 0.772437335690483 0.762429259484634 0.752421183278784 0.742413107072935 0.660489598230924 0.554594278510194 0.448698958789464 0.342803639068734 0.44843210518593 0.554060571303125 0.659689037420321 -9999 -9999 -9999 -9999 -9999 -9999 -9999 -9999 -9999 -9999 -9999 -9999
0.0645206409899401 0.0588270878870389 0.0725471813275362 0.0862672747680335 0.0999873682085308 0.115942138654646 0.138600940117612 0.161259741580579 0.183918543043546 0.204350202373462 0.222554719570326 0.24075923676719 0.258963753964053 0.296791482309345 0.341160281037446 0.385529079765547 0.429897878493648 0.370234540372621 0.310571202251595 0.250907864130568 0.206069794076029 0.205707528220955 0.205345262365881 0.204982996510807 -9999 -9999 -9999 -9999 -9999 -9999 -9999 -9999 -9999 -9999 -9999 -9999 -9999 -9999 -9999 0.776440566172823 0.774438950931653 0.772437335690483 0.770435720449314 0.747886060795281 0.718487053003628 0.689088045211975 0.659689037420321 0.68081473064376 0.7019404238672 0.723066117090639 -9999 -9999 -9999 -9999 -9999 -9999 -9999 -9999 -9999 -9999 -9999 -9999
0.0570207104829024 0.0535968510303064 0.0641140474399435 0.0746312438495806 0.0851484402592178 0.100916440424044 0.132436851854436 0.163957263284829 0.195477674715221 0.225188607961172 0.253090063022682 0.280991518084193 0.308892973145703 0.326409856032114 0.34046521486016 0.354520573688205 0.368575932516251 0.323816049902234 0.279056167288218 0.234296284674201 0.200998072104994 0.202084869670216 0.203171667235438 0.20425846480066 -9999 -9999 -9999 -9999 -9999 -9999 -9999 -9999 -9999 -9999 -9999 -9999 -9999 -9999 -9999 0.780443796655163 0.786448642378673 0.792453488102183 0.798458333825693 0.835282523359638 0.882379827497061 0.929477131634485 0.976574435771909 0.913197356101591 0.849820276431274 0.786443196760956 -9999 -9999 -9999 -9999 -9999 -9999 -9999 -9999 -9999 -9999 -9999 -9999
0.0630974953965051 0.0643796033546096 0.0712159212998813 0.078052239245153 0.0848885571904248 0.0992592616821639 0.136233125813305 0.173206989944447 0.210180854075588 0.240780277963495 0.265005261608167 0.289230245252838 0.31345522889751 0.327325304446276 0.337743743963074 0.348162183479872 0.358580622996669 0.324018794519361 0.289456966042053 0.254895137564745 0.232070204947377 0.244455959909828 0.25684171487228 0.269227469834732 -9999 -9999 -9999 -9999 -9999 -9999 -9999 -9999 -9999 -9999 -9999 -9999 -9999 -9999 -9999 1.02124524809187 0.985371580522042 0.949497912952211 0.91362424538238 0.950095461448655 1.01068163872696 1.07126781600527 1.13185399328358 1.136866991641 1.14187998999842 1.14689298835583 -9999 -9999 -9999 -9999 -9999 -9999 -9999 -9999 -9999 -9999 -9999 -9999
0.0827509957307484 0.0911753448599484 0.0938528029073495 0.0965302609547507 0.0992077190021519 0.110970602429006 0.14998976199422 0.189008921559434 0.228028081124648 0.25112521238043 0.258300315326778 0.265475418273127 0.272650521219475 0.299537827551831 0.332995868346188 0.366453909140546 0.399911949934904 0.370842774224002 0.3417735985131 0.312704422802199 0.289870394772151 0.285741809784668 0.281613224797184 0.2774846398097 -9999 -9999 -9999 -9999 -9999 -9999 -9999 -9999 -9999 -9999 -9999 -9999 -9999 -9999 -9999 1.04516102647176 1.0571189156617 1.06907680485165 1.08103469404159 1.09232487506233 1.10339248669334 1.11446009832434 1.12552770995535 1.13222771720029 1.13892772444524 1.14562773169018 1.15065273712389 1.15065273712389 -9999 -9999 -9999 -9999 -9999 -9999 -9999 -9999 -9999 -9999
0.102404496064992 0.117971086365287 0.116489684514818 0.115008282664348 0.113526880813879 0.122681943175849 0.163746398175135 0.204810853174422 0.245875308173709 0.261470146797365 0.25159536904539 0.241720591293415 0.23184581354144 0.271750350657385 0.328247992729302 0.38474563480122 0.441243276873138 0.417666753928643 0.394090230984148 0.370513708039653 0.352973121916875 0.353540346259251 0.354107570601627 0.354674794944003 -9999 -9999 -9999 -9999 -9999 -9999 -9999 -9999 -9999 -9999 -9999 -9999 -9999 -9999 -9999 1.60148357012076 1.49745554983383 1.3934275295469 1.28939950925997 1.23455428867601 1.19610333465971 1.15765238064341 1.11920142662711 1.12758844275959 1.13597545889206 1.14436247502454 1.13574757589959 1.07612693100236 1.01650628610514 0.956885641207919 -9999 -9999 -9999 -9999 -9999 -9999 -9999 -9999
0.125224395873374 0.133029881326365 0.135513125962461 0.137996370598557 0.140479615234653 0.149364641227294 0.177455011289567 0.20554538135184 0.233635751414113 0.256087821355322 0.272901591175469 0.289715360995615 0.306529130815761 0.312820431747241 0.315604243049165 0.31838805435109 0.321171865653014 0.330068165174453 0.338964464695891 0.34786076421733 0.354561350075528 0.354674794944003 0.354788239812478 0.354901684680954 -9999 -9999 -9999 -9999 -9999 -9999 -9999 -9999 -9999 -9999 -9999 -9999 -9999 -9999 -9999 1.64309477823554 1.62228917417815 1.60148357012076 1.58067796606338 1.5186491694767 1.4428793087136 1.3671094479505 1.29133958718739 1.25495730782859 1.21857502846979 1.18219274911098 1.13971732486971 1.07896246598102 1.01820760709234 0.95745274820365 -9999 -9999 -9999 -9999 -9999 -9999 -9999 -9999
0.148044295681757 0.148088676287443 0.154536567410105 0.160984458532766 0.167432349655428 0.176047339278739 0.191163624403998 0.206279909529258 0.221396194654517 0.25070549591328 0.294207813305547 0.337710130697815 0.381212448090082 0.353890512837097 0.302960493369028 0.252030473900959 0.20110045443289 0.242469576420262 0.283838698407635 0.325207820395008 0.356149578234181 0.355809243628755 0.35546890902333 0.355128574417904 -9999 -9999 -9999 -9999 -9999 -9999 -9999 -9999 -9999 1.50170397246256 1.50170397246256 1.50170397246256 1.50170397246256 -9999 -9999 1.68470598635031 1.74712279852247 1.80953961069463 1.87195642286679 1.8027440502774 1.68965528276749 1.57656651525758 1.46347774774767 1.38232617289759 1.30117459804751 1.22002302319743 1.14368707383983 1.08179800095968 1.01990892807953 0.958019855199382 0.927075318759307 0.927075318759307 -9999 -9999 -9999 -9999 -9999 -9999
0.202776119724149 0.179088147851871 0.186553273029858 0.194018398207845 0.201483523385832 0.211848241451662 0.230911738181021 0.24997523491038 0.269038731639739 0.310550869849976 0.374511649541091 0.438472429232206 0.502433208923321 0.451511522638611 0.362295681028627 0.273079839418642 0.183863997808658 0.230056397966109 0.276248798123561 0.322441198281012 0.357085498399101 0.357085498399101 -9999 -9999 -9999 -9999 -9999 -9999 -9999 -9999 -9999 2.64758641133085 2.34201776096597 2.0364491106011 1.73088046023622 1.50170397246256 1.50170397246256 -9999 -9999 2.05942150473129 2.05667040066328 2.05391929659527 2.05116819252726 1.94599168282002 1.80667337123305 1.66735505964607 1.52803674805909 1.43072993913665 1.33342313021421 1.23611632129177 1.15076942578889 1.10130227054469 1.05183511530049 1.00236796005629 0.957300178706646 0.916631771251559 0.875963363796473 0.835294956341386 -9999 -9999 -9999 -9999
0.28941986800055 0.226028296019649 0.231563242821721 0.237098189623794 0.242633136425866 0.256767347746063 0.296699352620635 0.336631357495207 0.376563362369779 0.43562394316541 0.5138130998821 0.592002256598789 0.670191413315479 0.605683461151784 0.493609806027962 0.38153615090414 0.269462495780317 0.292828629811993 0.316194763843669 0.339560897875344 -9999 -9999 -9999 -9999 -9999 -9999 -9999 -9999 -9999 -9999 2.64758641133085 2.64758641133085 2.34201776096597 2.0364491106011 1.73088046023622 -9999 -9999 -9999 -9999 2.06125557410996 2.0621726087993 2.06308964348864 2.06400667817798 1.94839206710458 1.79393357411027 1.63947508111596 1.48501658812165 1.40016860654578 1.3153206249699 1.23047264339402 1.1609643807169 1.13747527473606 1.11398616875522 1.09049706277438 1.04493588907644 0.977302647661418 0.909669406246394 0.84203616483137 0.825127854477614 0.825127854477614 -9999 -9999
0.376063616276952 0.272968444187427 0.276573212613584 0.280177981039742 0.2837827494659 0.301686454040464 0.362486967060249 0.423287480080035 0.48408799309982 0.560697016480844 0.653114550223108 0.745532083965372 0.837949617707636 0.759855399664957 0.624923931027297 0.489992462389637 0.355060993751977 0.336938533291686 0.318816072831396 0.300693612371106 -9999 -9999 -9999 -9999 -9999 -9999 -9999 -9999 2.12078970624134 2.29638860793784 2.47198750963435 2.64758641133085 2.47198750963435 2.29638860793784 2.12078970624134 -9999 -9999 -9999 -9999 1.77528400090523 1.86842475668527 1.96156551246531 2.05470626824535 1.95079245138913 1.78119377698749 1.61159510258585 1.44199642818421 1.3696072739549 1.29721811972558 1.22482896549627 1.17115933564492 1.17364827892743 1.17613722220995 1.17862616549246 1.13257159944624 1.03797352407128 0.943375448696315 0.848777373321354 0.825127854477614 0.825127854477614 -9999 -9999
0.443329176603584 0.423891146056121 0.43683497022721 0.449778794398298 0.462722618569387 0.479165643977467 0.50610627309652 0.533046902215574 0.559987531334627 0.582689100934658 0.601151611015666 0.619614121096674 0.638076631177682 0.574292529432569 0.483092890412081 0.391893251391593 0.300693612371106 0.297069120279048 0.29344462818699 0.289820136094932 -9999 -9999 -9999 -9999 -9999 -9999 -9999 -9999 2.01543036522344 2.05055014556274 2.08566992590204 2.12078970624134 2.08566992590204 2.05055014556274 2.01543036522344 -9999 -9999 -9999 -9999 1.73420020309277 1.74517336324789 1.756146523403 1.76711968355812 1.69700765563175 1.59986723167822 1.50272680772468 1.40558638377115 1.37296792678535 1.34034946979955 1.30773101281375 1.26384962699376 1.18617945467122 1.10850928234868 1.03083911002614 0.969753867946565 0.925253556109965 0.880753244273365 0.836252932436764 0.825127854477614 0.825127854477614 -9999 -9999
0.510594736930216 0.574813847924815 0.597096727840835 0.619379607756855 0.641662487672875 0.65664483391447 0.649725579132792 0.642806324351113 0.635887069569435 0.604681185388472 0.549188671808224 0.493696158227976 0.438203644647729 0.38872965920018 0.341261849796865 0.29379404039355 0.246326230990235 0.257199707266409 0.268073183542583 0.278946659818757 -9999 -9999 -9999 -9999 -9999 -9999 -9999 -9999 1.91007102420554 1.80471168318763 1.69935234216973 1.59399300115183 1.69935234216973 1.80471168318763 1.91007102420554 -9999 -9999 1.72871362301521 1.72871362301521 1.69311640528031 1.6219219698105 1.55072753434069 1.47953309887089 1.44322285987437 1.41854068636894 1.39385851286352 1.36917633935809 1.3763285796158 1.38348081987351 1.39063306013122 1.35653991834261 1.19871063041501 1.04088134248741 0.883052054559812 0.806936136446893 0.812533588148654 0.818131039850414 0.823728491552174 -9999 -9999 -9999 -9999
0.645733176497743 0.774895244976506 0.823719688458368 0.872544131940231 0.921368575422093 0.941342676873319 0.874765752232634 0.808188827591948 0.741611902951263 0.655395069625229 0.549538327613845 0.443681585602462 0.337824843591079 0.292917034530547 0.268325536453631 0.243734038376715 0.219142540299799 0.219142540299799 -9999 -9999 -9999 -9999 -9999 -9999 -9999 -9999 -9999 -9999 1.2527659147745 1.26691659365315 1.2810672725318 1.29521795141045 1.2810672725318 1.26691659365315 1.2527659147745 2.1793938127812 2.1042804478202 2.0291670828592 1.9540537178982 1.82961704162881 1.65585705405101 1.48209706647322 1.30833707889542 1.28211192903109 1.30506505840458 1.32801818777807 1.35097131715156 1.37800890603103 1.40504649491049 1.43208408378996 1.40288506401703 1.2049762182869 1.00706737255678 0.80915852682665 0.710204103961587 0.710204103961587 -9999 -9999 -9999 -9999 -9999 -9999
0.848744495306164 1.02413533721119 1.11670385207981 1.20927236694843 1.30184088181704 1.33325917285401 1.18122679239605 1.02919441193808 0.877162031480111 0.734830753644928 0.60220057843253 0.469570403220132 0.336940228007734 0.286854655423667 0.264283950382378 0.241713245341089 -9999 -9999 -9999 -9999 -9999 -9999 -9999 -9999 -9999 -9999 -9999 -9999 1.23861523589585 1.2338983429363 1.22918144997675 1.2244645570172 1.22918144997675 1.2338983429363 1.23861523589585 2.20443160110153 2.22946938942187 2.2545071777422 2.27954496606253 2.14370211213827 1.84697861596942 1.55025511980057 1.25353162363172 1.21367486310191 1.25944034778513 1.30520583246835 1.35097131715156 1.37800890603103 1.40504649491049 1.43208408378996 1.40288506401703 1.2049762182869 1.00706737255678 0.80915852682665 -9999 -9999 -9999 -9999 -9999 -9999 -9999 -9999
1.05175581411459 1.27337542944588 1.40968801570125 1.54600060195662 1.68231318821199 1.72517566883471 1.48768783255946 1.25019999628421 1.01271216000896 0.814266437664628 0.654862829251215 0.495459220837802 0.336055612424389 0.287151396405534 0.275080311184865 0.263009225964197 -9999 -9999 -9999 -9999 -9999 -9999 -9999 -9999 -9999 -9999 -9999 -9999 -9999 -9999 1.15371116262395 1.15371116262395 1.15371116262395 -9999 -9999 1.92150558927096 2.1346841880586 2.34786278684624 2.56104138563387 2.45778718264773 2.03810017788783 1.61841317312792 1.19872616836801 1.09380441717803 1.09380441717803 -9999 -9999 -9999 -9999 -9999 -9999 -9999 -9999 -9999 -9999 -9999 -9999 -9999 -9999 -9999 -9999 -9999
1.37671265308745 1.54977845144458 1.57024983339943 1.59072121535428 1.61119259730913 1.63939177861903 1.69077435799409 1.74215693736915 1.7935395167442 1.61133222619537 1.19553506572265 0.779737905249931 0.36394074477721 0.25818079187593 0.255766574831796 0.253352357787662 -9999 -9999 -9999 -9999 -9999 -9999 -9999 -9999 -9999 -9999 -9999 -9999 -9999 -9999 1.15371116262395 1.15371116262395 1.15371116262395 -9999 -9999 1.87886986951344 1.92150558927096 1.96414130902849 2.00677702878602 1.90352282579988 1.65437870007008 1.40523457434028 1.15609044861048 1.09380441717803 1.09380441717803 -9999 -9999 -9999 -9999 -9999 -9999 -9999 -9999 -9999 -9999 -9999 -9999 -9999 -9999 -9999 -9999 -9999
1.70166949206032 1.82618147344328 1.73081165109761 1.63544182875194 1.54007200640626 1.55360788840335 1.89386088342872 2.23411387845408 2.57436687347945 2.40839801472612 1.73620730219409 1.06401658966206 0.391825877130032 0.229210187346325 0.236452838478726 0.243695489611127 -9999 -9999 -9999 -9999 -9999 -9999 -9999 -9999 -9999 -9999 -9999 -9999 -9999 -9999 -9999 -9999 -9999 -9999 -9999 1.83623414975591 1.70832699048333 1.58041983121075 1.45251267193817 1.34925846895203 1.27065722225234 1.19205597555265 1.11345472885296 -9999 -9999 -9999 -9999 -9999 -9999 -9999 -9999 -9999 -9999 -9999 -9999 -9999 -9999 -9999 -9999 -9999 -9999 -9999
1.94520992157049 1.88688296475448 1.89256070670672 1.89823844865896 1.9039161906112 1.97092886106111 2.22194631700404 2.47296377294697 2.7239812288899 2.49698083876865 1.79196260258323 1.0869443663978 0.381926130212378 0.205671571166022 0.205671571166022 -9999 -9999 -9999 -9999 -9999 -9999 -9999 -9999 -9999 -9999 -9999 -9999 -9999 -9999 -9999 -9999 -9999 -9999 -9999 -9999 -9999 -9999 1.06879119412042 1.06879119412042 1.06879119412042 1.06879119412042 -9999 -9999 -9999 -9999 -9999 -9999 -9999 -9999 -9999 -9999 -9999 -9999 -9999 -9999 -9999 -9999 -9999 -9999 -9999 -9999 -9999
2.10733394161798 1.73188292537816 2.05549700022675 2.37911107507534 2.70272514992394 2.89135469659232 2.67503065872006 2.45870662084781 2.24238258297555 1.87708069832297 1.36280096689006 0.848521235457156 0.334241504024249 -9999 -9999 -9999 -9999 -9999 -9999 -9999 -9999 -9999 -9999 -9999 -9999 -9999 -9999 -9999 -9999 -9999 -9999 -9999 -9999 -9999 -9999 -9999 -9999 -9999 -9999 -9999 -9999 -9999 -9999 -9999 -9999 -9999 -9999 -9999 -9999 -9999 -9999 -9999 -9999 -9999 -9999 -9999 -9999 -9999 -9999 -9999 -9999 -9999
2.26945796166547 1.57688288600184 2.21843329374678 2.85998370149173 3.50153410923667 3.81178053212352 3.12811500043608 2.44444946874864 1.76078393706121 1.41895117121749 1.41895117121749 -9999 -9999 -9999 -9999 -9999 -9999 -9999 -9999 -9999 -9999 -9999 -9999 -9999 -9999 -9999 -9999 -9999 -9999 -9999 -9999 -9999 -9999 -9999 -9999 -9999 -9999 -9999 -9999 -9999 -9999 -9999 -9999 -9999 -9999 -9999 -9999 -9999 -9999 -9999 -9999 -9999 -9999 -9999 -9999 -9999 -9999 -9999 -9999 -9999 -9999 -9999
2.72959917015396 2.40360761876218 2.49618122982793 2.58875484089367 2.68132845195942 2.66197149432264 2.30682283057831 1.95167416683398 1.59652550308965 1.41895117121749 1.41895117121749 -9999 -9999 -9999 -9999 -9999 -9999 -9999 -9999 -9999 -9999 -9999 -9999 -9999 -9999 -9999 -9999 -9999 -9999 -9999 -9999 -9999 -9999 -9999 -9999 -9999 -9999 -9999 -9999 -9999 -9999 -9999 -9999 -9999 -9999 -9999 -9999 -9999 -9999 -9999 -9999 -9999 -9999 -9999 -9999 -9999 -9999 -9999 -9999 -9999 -9999 -9999
3.18974037864245 3.23033235152252 2.77392916590907 2.31752598029561 1.86112279468216 1.51216245652176 1.48553066072054 1.45889886491932 1.4322670691181 -9999 -9999 -9999 -9999 -9999 -9999 -9999 -9999 -9999 -9999 -9999 -9999 -9999 -9999 -9999 -9999 -9999 -9999 -9999 -9999 -9999 -9999 -9999 -9999 -9999 -9999 -9999 -9999 -9999 -9999 -9999 -9999 -9999 -9999 -9999 -9999 -9999 -9999 -9999 -9999 -9999 -9999 -9999 -9999 -9999 -9999 -9999 -9999 -9999 -9999 -9999 -9999 -9999
