data/climate/sant/min_temp.asc
NCOLS 360 
NROWS 180 
XLLCORNER -180 
YLLCORNER -90 
CELLSIZE 1 
NODATA_value -9999 
[rows 28 to 55 of 180, columns 192 to 255 of 360]
-9999 -9999 -9999 -9999 -9999 -9999 -9999 -6.24777832031248 -6.12062174479164 -5.99346516927081 -9999 -9999 -9999 -9999 -9999 -9999 -9999 -9999 -9999 -9999 -9999 -9999 -9999 -9999 -9999 -9999 -9999 -9999 -9999 -9999 -9999 -9999 -9999 -5.48498942057289 -5.91375732421873 -6.34252522786456 -6.77129313151039 -6.7382141113281 -6.55118611653644 -6.36415812174477 -9999 -9999 -9999 -9999 -9999 -9999 -9999 -9999 -9999 -9999 -9999 -9999 -11.3063598632812 -11.3906331380208 -11.4749064127604 -11.5591796875 -11.0931282552083 -10.6270768229166 -10.161025390625 -10.0196915690104 -10.8525105794271 -11.6853295898437 -12.5181486002604 -13.0939794921875
-9999 -9999 -9999 -9999 -9999 -6.3431457519531 -6.3431457519531 -6.24777832031248 -6.12062174479164 -5.99346516927081 -5.86630859374998 -5.86630859374998 -9999 -9999 -9999 -9999 -9999 -9999 -9999 -9999 -9999 -9999 -9999 -9999 -9999 -9999 -9999 -9999 -9999 -9999 -9999 -5.27060546874998 -5.27060546874998 -5.48498942057289 -5.91375732421873 -6.34252522786456 -6.77129313151039 -6.7382141113281 -6.55118611653644 -6.36415812174477 -6.1771301269531 -6.1771301269531 -9999 -9999 -9999 -9999 -9999 -9999 -9999 -9999 -9999 -9999 -11.0535400390625 -10.8007202148437 -10.547900390625 -10.2950805664062 -9.85510009765623 -9.41511962890623 -8.97513916015623 -8.83332845052081 -9.58602701822914 -10.3387255859375 -11.0914241536458 -11.6727368164062
-9999 -9999 -9999 -6.48116536458331 -6.31927734374998 -6.15738932291664 -5.99550130208331 -5.94246093749998 -5.92570312499998 -5.90894531249998 -5.89218749999998 -5.42242838541664 -4.95266927083331 -4.48291015624998 -4.11137695312498 -4.03452148437498 -3.95766601562498 -3.88081054687498 -9999 -9999 -9999 -9999 -9999 -9999 -9999 -9999 -9999 -9999 -9999 -3.13330037434894 -3.56528116861977 -3.9972619628906 -4.42924275716144 -4.96174357096352 -5.59476440429685 -6.22778523763018 -6.86080607096352 -6.8506750488281 -6.62616007486977 -6.40164510091144 -6.1771301269531 -6.1771301269531 -9999 -9999 -9999 -9999 -9999 -9999 -9999 -9999 -9999 -9999 -8.0580676269531 -8.3498791503906 -8.6416906738281 -8.9335021972656 -8.5902746582031 -8.2470471191406 -7.9038195800781 -7.79990966796873 -8.41395263671873 -9.02799560546873 -9.64203857421873 -10.2074308268229
-9999 -6.56210937499998 -6.56210937499998 -6.37766764322914 -6.00878417968748 -5.63990071614581 -5.27101725260414 -5.33182617187498 -5.53586588541664 -5.73990559895831 -5.94394531249998 -5.46038411458331 -4.97682291666664 -4.49326171874998 -4.11137695312498 -4.03452148437498 -3.95766601562498 -3.88081054687498 -3.84238281249998 -3.84238281249998 -9999 -9999 -9999 -9999 -9999 -9999 -9999 -3.02530517578123 -3.02530517578123 -3.04991739908852 -3.14836629231769 -3.24681518554685 -3.34526407877602 -3.91525187174477 -4.9567785644531 -5.99830525716144 -7.03983194986977 -7.0755969238281 -6.77610799153644 -6.47661905924477 -9999 -9999 -9999 -9999 -9999 -9999 -9999 -9999 -9999 -9999 -9999 -9999 -7.7662561035156 -7.6689855957031 -7.5717150878906 -7.4744445800781 -7.29865193684894 -7.12285929361977 -6.9470666503906 -6.91943522135414 -7.33628743489581 -7.75313964843748 -8.16999186197914 -8.69806152343748
-6.82326863606769 -6.7188049316406 -6.61434122721352 -6.27416992187498 -5.69829101562498 -5.12241210937498 -4.54653320312498 -4.72119140624998 -5.14602864583331 -5.57086588541664 -5.99570312499998 -5.49833984374998 -5.00097656249998 -4.50361328124998 -4.11137695312498 -4.03452148437498 -3.95766601562498 -3.88081054687498 -3.84238281249998 -3.84238281249998 -9999 -9999 -9999 -9999 -9999 -1.63690795898435 -2.00714721679685 -2.37738647460935 -2.74762573242185 -2.9665344238281 -2.7314514160156 -2.4963684082031 -2.2612854003906 -2.86876017252602 -4.31879272460935 -5.76882527669269 -7.21885782877602 -6.91578369140623 -6.02834065755206 -5.14089762369789 -9999 -9999 -9999 -9999 -9999 -9999 -9999 -9999 -9999 -9999 -9999 -9999 -9999 -9999 -6.0153869628906 -6.0153869628906 -6.00702921549477 -5.99867146809894 -5.9903137207031 -6.03896077473956 -6.25862223307289 -6.47828369140623 -6.69794514973956 -7.18869222005206
-6.92773234049477 -6.90683959960935 -6.88594685872394 -6.52445556640623 -5.82236572265623 -5.12027587890623 -4.41818603515623 -4.30831542968748 -4.39585123697914 -4.48338704427081 -4.57092285156248 -4.22132649739581 -3.87173014322914 -3.52213378906248 -3.29876627604164 -3.45408528645831 -3.60940429687498 -3.76472330729164 -3.84238281249998 -3.84238281249998 -9999 -9999 -9999 -9999 -9999 -1.63690795898435 -1.86252156575519 -2.08813517252602 -2.31374877929685 -2.46988972981769 -2.41761271158852 -2.36533569335935 -2.31305867513019 -2.82643839518227 -3.9054748535156 -4.98451131184894 -6.06354777018227 -5.91733642578123 -5.36270914713539 -4.80808186848956 -9999 -9999 -9999 -9999 -9999 -9999 -9999 -9999 -9999 -9999 -9999 -9999 -9999 -9999 -6.0153869628906 -6.0153869628906 -5.7117492675781 -5.4081115722656 -5.1044738769531 -4.89792887369789 -4.98266194661456 -5.06739501953123 -5.15212809244789 -5.44461344401039
-7.03219604492185 -7.0948742675781 -7.15755249023435 -6.77474121093748 -5.94644042968748 -5.11813964843748 -4.28983886718748 -3.89543945312498 -3.64567382812498 -3.39590820312498 -3.14614257812498 -2.94431315104164 -2.74248372395831 -2.54065429687498 -2.48615559895831 -2.87364908854164 -3.26114257812498 -3.64863606770831 -9999 -9999 -9999 -9999 -9999 -9999 -1.63690795898435 -1.63690795898435 -1.71789591471352 -1.79888387044269 -1.87987182617185 -1.97324503580727 -2.10377400716144 -2.2343029785156 -2.36483194986977 -2.78411661783852 -3.49215698242185 -4.20019734700519 -4.90823771158852 -4.91888916015623 -4.69707763671873 -4.47526611328123 -4.25345458984373 -4.25345458984373 -9999 -9999 -9999 -9999 -9999 -9999 -9999 -9999 -9999 -9999 -9999 -9999 -9999 -6.0153869628906 -5.41646931966144 -4.81755167643227 -4.2186340332031 -3.75689697265623 -3.70670166015623 -3.65650634765623 -3.60631103515623 -3.70053466796873
-4.33417154947914 -5.26441894531248 -6.19466634114581 -6.30552652994789 -5.59699951171873 -4.88847249348956 -4.17994547526039 -3.6406994628906 -3.15788045247394 -2.67506144205727 -2.1922424316406 -2.02385050455727 -1.85545857747394 -1.6870666503906 -1.43802652994789 -0.947041829427061 -0.456057128906227 0.0349275716146061 0.264257812500023 0.231933593750023 0.199609375000023 0.167285156250023 -0.121701660156227 -0.496242675781227 -0.870783691406227 -1.24532470703123 -1.26435139973956 -1.28337809244789 -1.30240478515623 -1.37012776692706 -1.58393961588539 -1.79775146484373 -2.01156331380206 -2.36737467447914 -2.86518554687498 -3.36299641927081 -3.86080729166664 -3.89848632812498 -3.78278808593748 -3.66708984374998 -3.55139160156248 -3.27056640624998 -2.98974121093748 -2.70891601562498 -9999 -9999 -9999 -9999 -9999 -9999 -9999 -9999 -9999 -9999 -9999 -1.73004760742185 -1.96776733398435 -2.20548706054685 -2.44320678710935 -2.59657674153644 -2.49689737955727 -2.3972180175781 -2.29753865559894 -2.32588745117185
-3.87697347005206 -4.44146240234373 -5.00595133463539 -5.11681152343748 -4.77404296874998 -4.43127441406248 -4.08850585937498 -3.54409545898435 -2.93247111002602 -2.32084676106769 -1.70922241210935 -1.45993855794269 -1.21065470377602 -0.961370849609352 -0.704086100260394 -0.422798665364561 -0.141511230468727 0.139776204427106 0.264257812500023 0.231933593750023 0.199609375000023 0.167285156250023 0.0349316406250227 -0.130764973958311 -0.296461588541644 -0.462158203124977 -0.501888020833311 -0.541617838541644 -0.581347656249977 -0.660537923177061 -0.858109537760394 -1.05568115234373 -1.25325276692706 -1.57621256510414 -2.02456054687498 -2.47290852864581 -2.92125651041664 -2.85612792968748 -2.61984049479164 -2.38355305989581 -2.14726562499998 -2.24087402343748 -2.33448242187498 -2.42809082031248 -9999 -9999 -9999 -9999 -9999 -9999 -9999 -9999 -9999 -9999 -9999 -1.73004760742185 -1.65080769856769 -1.57156778971352 -1.49232788085935 -1.41696818033852 -1.35324910481769 -1.28953002929685 -1.22581095377602 -1.32067179361977
-3.41977539062498 -3.61850585937498 -3.81723632812498 -3.58241984049477 -2.91405639648435 -2.24569295247394 -1.57732950846352 -9999 -9999 -1.2262023925781 -1.2262023925781 -0.896026611328102 -0.565850830078102 -0.235675048828102 0.0298543294271061 0.101444498697939 0.173034667968773 0.244624837239606 0.264257812500023 0.231933593750023 0.199609375000023 0.167285156250023 0.191564941406273 0.234712727864606 0.277860514322939 0.321008300781273 0.260575358072939 0.200142415364606 0.139709472656273 0.0490519205729394 -0.132279459635394 -0.313610839843727 -0.494942220052061 -0.785050455729144 -1.18393554687498 -1.58282063802081 -1.98170572916664 -1.81376953124998 -1.45689290364581 -1.10001627604164 -0.743139648437477 -0.0652587890624773 0.612622070312523 1.29050292968752 -9999 -9999 -9999 -9999 -9999 -9999 -9999 -9999 -9999 -9999 -9999 3.08114013671877 2.19435628255211 1.30757242838544 0.420788574218773 -0.237359619140602 -0.209600830078102 -0.181842041015602 -0.154083251953102 -0.315456136067686
-1.76996663411456 -1.82658447265623 -1.88320231119789 -1.84467488606769 -1.7110021972656 -1.57732950846352 -1.44365681966144 -9999 -9999 -1.2262023925781 -1.2262023925781 -0.896026611328102 -0.565850830078102 -0.235675048828102 0.107305501302106 0.488700358072939 0.870095214843773 1.25149007161461 1.40900227864586 1.34263183593752 1.27626139322919 1.20989095052086 1.16432373046877 1.12569091796877 1.08705810546877 1.04842529296877 1.00350667317711 0.95858805338544 0.913669433593773 0.828831380208356 0.624235026041689 0.419638671875023 0.215042317708356 -0.0583325195312272 -0.400485839843727 -0.742639160156227 -1.08479248046873 -0.941210937499977 -0.635717773437477 -0.330224609374977 -0.0247314453124773 0.461573893229189 0.947879231770856 1.43418457031252 -9999 -9999 -9999 -9999 -9999 -9999 -9999 -9999 -9999 -9999 -9999 3.08114013671877 2.46390706380211 1.84667399088544 1.22944091796877 0.760039469401064 0.734132893880231 0.708226318359398 0.682319742838564 0.387123616536481
-0.120157877604144 -0.0346630859374772 0.0508317057291895 -0.106929931640602 -0.507947998046852 -0.908966064453102 -1.30998413085935 -9999 -9999 -9999 -1.2262023925781 -0.896026611328102 -0.565850830078102 -0.235675048828102 0.184756673177106 0.875956217447939 1.56715576171877 2.25835530598961 2.55374674479169 2.45333007812502 2.35291341145836 2.25249674479169 2.13708251953127 2.01666910807294 1.89625569661461 1.77584228515627 1.74643798828127 1.71703369140627 1.68762939453127 1.60861083984377 1.38074951171877 1.15288818359377 0.925026855468773 0.668385416666689 0.382963867187523 0.0975423177083561 -0.187879231770811 -0.0686523437499773 0.185457356770856 0.439567057291689 0.693676757812523 0.988406575520856 1.28313639322919 1.57786621093752 1.79891357421877 1.79891357421877 -9999 -9999 -9999 -9999 -9999 -9999 -9999 -9999 3.08114013671877 3.08114013671877 2.73345784505211 2.38577555338544 2.03809326171877 1.75743855794273 1.67786661783856 1.5982946777344 1.51872273763023 1.08970336914065
0.911572265625023 1.23358398437502 1.55559570312502 1.8406970214844 2.08888793945315 2.3370788574219 2.58526977539065 -9999 -9999 -9999 -9999 -9999 -9999 -9999 5.95961629231773 5.27674357096356 4.5938708496094 3.91099812825523 3.51849731445315 3.41636840820315 3.31423950195315 3.21211059570315 3.07927490234377 2.93620361328127 2.79313232421877 2.65006103515627 2.62085693359377 2.59165283203127 2.56244873046877 2.48960896809898 2.28586222330731 2.08211547851565 1.87836873372398 1.66268107096356 1.4350524902344 1.20742390950523 0.979795328776064 1.04637695312502 1.21102864583336 1.37568033854169 1.54033203125002 1.70784505208336 1.87535807291669 2.04287109375002 2.20546508789065 2.35330200195315 2.50113891601565 2.64897583007815 -9999 -9999 -9999 -9999 3.90893310546877 3.75842529296877 3.60791748046877 3.45740966796877 3.27773193359377 3.09805419921877 2.91837646484377 2.67274088541669 2.22923177083336 1.78572265625002 1.34221354166669 0.600343424479189
1.32522379557294 1.97815673828127 2.63108968098961 2.91619099934898 2.8334606933594 2.75073038736981 2.66800008138023 -9999 -9999 -9999 -9999 -9999 6.13033447265627 6.13033447265627 6.01091267903648 5.53322550455731 5.05553833007815 4.57785115559898 4.30325398763023 4.2317468261719 4.16023966471356 4.08873250325523 3.99090087890627 3.88429443359377 3.77768798828127 3.67108154296877 3.62676350911461 3.58244547526044 3.53812744140627 3.47182576497398 3.33957316080731 3.20732055664065 3.07506795247398 2.9245544433594 2.7557800292969 2.5870056152344 2.4182312011719 2.40387695312502 2.44099609375002 2.47811523437502 2.51523437500002 2.61988932291669 2.72454427083336 2.82919921875002 2.89537068684898 2.84609171549481 2.79681274414065 2.74753377278648 -9999 -9999 -9999 -9999 4.05944091796877 4.10961018880211 4.15977945963544 4.20994873046877 4.09672932942711 3.98350992838544 3.87029052734377 3.50594645182294 2.38822835286461 1.27051025390627 0.152792154947939 -1.08095621744789
-9999 4.19851074218752 4.19851074218752 4.19851074218752 4.19851074218752 -9999 -9999 -9999 -9999 -9999 8.53243408203127 7.89187418619794 7.25131429036461 6.61075439453127 6.06220906575523 5.78970743815106 5.5172058105469 5.24470418294273 5.08801066080731 5.04712524414065 5.00623982747398 4.96535441080731 4.90252685546877 4.83238525390627 4.76224365234377 4.69210205078127 4.63267008463544 4.57323811848961 4.51380615234377 4.45404256184898 4.39328409830731 4.33252563476565 4.27176717122398 4.18642781575523 4.0765075683594 3.96658732096356 3.85666707356773 3.76137695312502 3.67096354166669 3.58055013020836 3.49013671875002 3.53193359375002 3.57373046875002 3.61552734375002 3.68576965332033 3.84134826660159 3.99692687988284 4.15250549316409 -9999 -9999 -9999 -9999 6.06334228515627 5.69639078776044 5.32943929036461 4.96248779296877 4.91572672526044 4.86896565755211 4.82220458984377 4.33915201822919 2.54722493489586 0.755297851562523 -1.03662923177081 -2.76225585937498
-9999 4.19851074218752 4.19851074218752 4.19851074218752 4.19851074218752 -9999 -9999 -9999 -9999 -9999 8.53243408203127 8.09281494140627 7.65319580078127 7.21357666015627 6.81603800455732 6.54474080403648 6.27344360351565 6.00214640299481 5.8367028808594 5.7771130371094 5.7175231933594 5.6579333496094 5.58305664062502 5.50308430989586 5.42311197916669 5.34313964843752 5.24585611979169 5.14857259114586 5.05128906250002 4.95612345377606 4.86731160481773 4.7784997558594 4.68968790690106 4.54461710611981 4.34328735351565 4.14195760091148 3.94062784830731 3.82633300781252 3.74104980468752 3.65576660156252 3.57048339843752 3.71531738281252 3.86015136718752 4.00498535156252 4.12138977050784 4.15250549316409 4.18362121582034 4.21473693847659 -9999 -9999 -9999 -9999 5.96498535156252 5.46689127604169 4.96879720052086 4.47070312500002 4.45522135416669 4.43973958333336 4.42425781250002 4.12506347656252 2.97473144531252 1.82439941406252 0.674067382812523 -1.01328450520831
-9999 -9999 -9999 -9999 -9999 -9999 -9999 -9999 -9999 8.53243408203127 8.53243408203127 8.29375569661461 8.05507731119794 7.81639892578127 7.5698669433594 7.2997741699219 7.0296813964844 6.7595886230469 6.58539510091148 6.50710083007815 6.42880655924481 6.35051228841148 6.26358642578127 6.17378336588544 6.08398030598961 5.99417724609377 5.85904215494794 5.72390706380211 5.58877197265627 5.45820434570315 5.34133911132815 5.22447387695315 5.10760864257815 4.9028063964844 4.6100671386719 4.3173278808594 4.0245886230469 3.89128906250002 3.81113606770836 3.73098307291669 3.65083007812502 3.89870117187502 4.14657226562502 4.39444335937502 4.55700988769533 4.46366271972659 4.37031555175784 4.27696838378909 -9999 -9999 6.33855590820315 6.33855590820315 5.86662841796877 5.23739176432294 4.60815511067711 3.97891845703127 3.99471598307294 4.01051350911461 4.02631103515627 3.91097493489586 3.40223795572919 2.89350097656252 2.38476399739586 0.735686848958356
-9999 -9999 -9999 -9999 -9999 -9999 -9999 9.54214599609377 9.35856201171877 9.17497802734377 8.99139404296877 8.87613362630211 8.76087320963544 8.64561279296877 8.49495279947919 8.23809407552086 7.98123535156252 7.72437662760419 7.54043131510419 7.42939941406252 7.31836751302086 7.20733561197919 7.10829223632815 7.01324503580731 6.91819783528648 6.82315063476565 6.53483520507815 6.24651977539065 5.95820434570315 5.70924479166669 5.57835286458336 5.44746093750002 5.31656901041669 5.08190104166669 4.74345703125002 4.40501302083336 4.06656901041669 3.92376708984377 3.84617919921877 3.76859130859377 3.69100341796877 3.99039306640627 4.28978271484377 4.58917236328127 4.8137145996094 4.8137145996094 -9999 -9999 6.70684509277346 6.64279479980471 6.57874450683596 6.51469421386721 6.02983520507815 5.40470662434898 4.77957804361981 4.15444946289065 4.17885864257815 4.20326782226565 4.22767700195315 4.15845906575523 3.80835978190106 3.4582604980469 3.10816121419273 1.78622680664065
-9999 -9999 -9999 -9999 -9999 -9999 -9999 9.72572998046877 9.7869246419271 9.84811930338544 9.90931396484377 9.83994873046877 9.77058349609377 9.70121826171877 9.59129557291669 9.35970052083336 9.12810546875002 8.89651041666669 8.70181152343752 8.54400878906252 8.38620605468752 8.22840332031252 8.11717407226565 8.02146931966148 7.92576456705731 7.83005981445315 7.27323527018231 6.71641072591148 6.15958618164065 5.70924479166669 5.57835286458336 5.44746093750002 5.31656901041669 5.08190104166669 4.74345703125002 4.40501302083336 4.06656901041669 3.92376708984377 3.84617919921877 3.76859130859377 3.69100341796877 3.99039306640627 4.28978271484377 4.58917236328127 -9999 -9999 -9999 -9999 6.74954528808596 6.77089538574221 6.79224548339846 6.81359558105471 6.45460571289065 5.96883585611981 5.48306599934898 4.99729614257815 5.00764933268231 5.01800252278648 5.02835571289065 4.86751586914065 4.19309692382815 3.51867797851565 2.84425903320315 2.13833536783856
-9999 -9999 -9999 -9999 -9999 -9999 -9999 -9999 -9999 10.8272338867188 10.8272338867188 10.8037638346354 10.7802937825521 10.7568237304688 10.6876383463542 10.4813069661459 10.2749755859375 10.0686442057292 9.86319173177086 9.65861816406252 9.45404459635419 9.24947102864586 9.12605590820315 9.02969360351565 8.93333129882815 8.83696899414065 8.83696899414065 -9999 -9999 -9999 -9999 -9999 -9999 -9999 -9999 -9999 -9999 -9999 -9999 -9999 -9999 -9999 -9999 -9999 -9999 -9999 -9999 -9999 9.99203287760419 9.11423339843752 8.23643391927086 7.35863444010419 6.87937622070315 6.53296508789065 6.18655395507815 5.84014282226565 5.83644002278648 5.83273722330731 5.82903442382815 5.57657267252606 4.57783406575523 3.5790954589844 2.58035685221356 2.49044392903648
-9999 -9999 -9999 -9999 -9999 -9999 -9999 -9999 -9999 10.8272338867188 10.8272338867188 10.9302547200521 11.0332755533854 11.1362963867188 11.1859350585938 11.0754272460938 10.9649194335938 10.8544116210938 10.7082576497396 10.5264575195313 10.3446573893229 10.1628572591146 9.86131958007815 9.51986938476565 9.17841918945315 8.83696899414065 8.83696899414065 -9999 -9999 -9999 -9999 -9999 -9999 -9999 -9999 -9999 -9999 -9999 -9999 -9999 -9999 -9999 -9999 -9999 -9999 -9999 -9999 -9999 10.1039567057292 9.45000488281252 8.79605305989586 8.14210123697919 7.74050415039065 7.42302530924481 7.10554646809898 6.78806762695315 6.34359985351565 5.89913208007815 5.45466430664065 4.98398478190106 4.43467000325523 3.8853552246094 3.33604044596356 2.87834594726565
9.85064086914065 -9999 -9999 -9999 -9999 -9999 -9999 -9999 -9999 -9999 10.8272338867188 11.0567456054688 11.2862573242188 11.5157690429688 11.6842317708334 11.6695475260417 11.65486328125 11.6401790364584 11.5533235677084 11.394296875 11.2352701822917 11.0762434895834 10.5965832519531 10.0100451660156 9.42350708007815 -9999 -9999 -9999 -9999 -9999 -9999 -9999 -9999 -9999 -9999 -9999 -9999 -9999 -9999 -9999 -9999 -9999 -9999 -9999 -9999 -9999 10.4309326171875 10.4309326171875 10.2158805338542 9.78577636718752 9.35567220052086 8.92556803385419 8.60163208007815 8.31308553059898 8.02453898111981 7.73599243164065 6.85075968424481 5.96552693684898 5.08029418945315 4.39139689127606 4.29150594075523 4.1916149902344 4.09172403971356 3.26624796549481
9.85064086914065 -9999 -9999 -9999 -9999 -9999 -9999 -9999 -9999 -9999 -9999 -9999 11.9250732421875 11.9250732421875 11.9333801269531 11.9666076660156 11.9998352050781 12.0330627441406 11.9758565266927 11.8282165527344 11.6805765787761 11.5329366048177 11.4960266113281 11.4960266113281 -9999 -9999 -9999 -9999 -9999 -9999 -9999 -9999 -9999 -9999 -9999 -9999 -9999 -9999 -9999 -9999 -9999 -9999 -9999 -9999 11.3039501953125 11.158447265625 11.0129443359375 10.86744140625 10.5899633789063 10.1805102539063 9.77105712890627 9.36160400390627 8.95389160156252 8.54675944010419 8.13962727864586 7.73249511718752 6.62651041666669 5.52052571614586 4.41454101562502 3.63332763671877 3.82642822265627 4.01952880859377 4.21262939453127 3.45500244140627
-9999 -9999 -9999 -9999 -9999 -9999 -9999 -9999 -9999 -9999 -9999 -9999 -9999 -9999 11.9333801269531 11.9666076660156 11.9998352050781 12.0330627441406 11.9758565266927 11.8282165527344 11.6805765787761 11.5329366048177 -9999 -9999 -9999 -9999 -9999 -9999 -9999 -9999 -9999 -9999 -9999 -9999 -9999 -9999 -9999 -9999 -9999 -9999 -9999 -9999 -9999 -9999 11.352451171875 11.4009521484375 11.449453125 11.4979541015625 11.2262052408854 10.6342065429688 10.0422078450521 9.45020914713544 8.79728271484377 8.12404703776044 7.45081136067711 6.77757568359377 5.67085205078127 4.56412841796877 3.45740478515627 2.70977701822919 3.03943684895836 3.36909667968752 3.69875651041669 3.44460937500002
-9999 -9999 -9999 -9999 -9999 -9999 -9999 -9999 -9999 -9999 -9999 -9999 -9999 -9999 -9999 -9999 -9999 -9999 -9999 -9999 -9999 -9999 -9999 -9999 -9999 -9999 -9999 -9999 -9999 -9999 -9999 -9999 -9999 -9999 -9999 -9999 -9999 -9999 -9999 -9999 -9999 -9999 -9999 -9999 12.480702718099 12.4147074381511 12.3487121582031 12.2827168782552 11.8624471028646 11.0879028320313 10.3133585611979 9.53881429036461 8.64067382812502 7.70133463541669 6.76199544270836 5.82265625000002 4.71519368489586 3.60773111979169 2.50026855468752 1.78622639973961 2.25244547526044 2.71866455078127 3.18488362630211 3.43421630859377
-9999 -9999 -9999 -9999 -9999 -9999 -9999 -9999 -9999 -9999 -9999 -9999 -9999 -9999 -9999 -9999 -9999 -9999 -9999 -9999 -9999 -9999 -9999 -9999 -9999 -9999 -9999 -9999 -9999 -9999 -9999 -9999 -9999 -9999 -9999 -9999 -9999 -9999 -9999 -9999 -9999 -9999 -9999 -9999 12.4939017740886 12.480702718099 12.4675036621094 12.4543046061198 12.0155061848959 11.1511083984375 10.2867106119792 9.42231282552086 8.96485839843752 8.64305175781252 8.32124511718752 7.99943847656252 6.31150065104169 4.62356282552086 2.93562500000002 2.01985921223961 3.42060953776044 4.82135986328127 6.22211018880211 6.93962646484377
-9999 -9999 -9999 -9999 -9999 -9999 -9999 -9999 -9999 -9999 -9999 -9999 -9999 -9999 -9999 -9999 -9999 -9999 -9999 -9999 -9999 -9999 -9999 -9999 -9999 -9999 -9999 -9999 -9999 -9999 -9999 -9999 -9999 -9999 -9999 -9999 -9999 -9999 -9999 -9999 -9999 -9999 -9999 -9999 12.5071008300781 12.5466979980469 12.5862951660156 12.6258923339844 12.1685652669271 11.2143139648438 10.2600626627604 9.30581136067711 9.28904296875002 9.58476888020835 9.88049479166669 10.176220703125 7.90780761718752 5.63939453125002 3.37098144531252 2.25349202473961 4.58877360026044 6.92405517578127 9.25933675130211 10.4450366210938
-9999 -9999 -9999 -9999 -9999 -9999 -9999 -9999 -9999 -9999 -9999 -9999 -9999 -9999 -9999 -9999 -9999 -9999 -9999 -9999 -9999 -9999 -9999 -9999 -9999 -9999 -9999 -9999 -9999 -9999 -9999 -9999 -9999 -9999 -9999 -9999 -9999 -9999 -9999 -9999 -9999 -9999 -9999 -9999 -9999 -9999 12.7446838378906 12.7446838378906 12.2450948079427 11.2459167480469 10.2467386881511 9.24756062825523 9.45113525390627 10.0556274414063 10.6601196289063 11.2646118164063 11.2646118164063 -9999 -9999 14.1972509765625 13.8609130859375 13.5245751953125 13.1882373046875 13.0137451171875
