data/climate/sant/min_precip.asc
NCOLS 360 
NROWS 180 
XLLCORNER -180 
YLLCORNER -90 
CELLSIZE 1 
NODATA_value -9999 
[rows 112 to 139 of 180, columns 124 to 185 of 360]
-9999 -9999 -9999 0.315110217343317 0.350857352750609 0.3866044881579 0.422351623565191 0.420644568930584 0.306574944170279 0.192505319409975 0.07843569464967 0.0224487236300774 0.0245444063511968 0.0266400890723162 0.0287357717934356 0.0258156958261679 0.0212237002961047 0.0166317047660414 0.0120397092359781 0.0103291569575958 0.0086186046792136 0.00690805240083137 0.00684754570102086 0.0117371757369256 0.0166268057728303 0.021516435808735 0.0226968572678743 0.0201680701502482 0.0176392830326222 0.0151104959149961 0.0195270043514029 0.0262586113058205 0.0329902182602382 0.0397218252146558 0.0484600070740271 0.0571981889333983 0.0659363707927696 0.0746961219738296 0.0835205811199558 0.0923450402660819 0.101169499412208 -9999 -9999 -9999 -9999 -9999 -9999 -9999 -9999 -9999 -9999 -9999 -9999 -9999 -9999 -9999 0.0359492782627058 0.0361193693424866 0.0362894604222674 0.0364595515020483 0.0498740709736012 0.0677033999090781
-9999 -9999 -9999 0.315110217343317 0.322259644424776 0.329409071506234 0.336558498587692 0.328609527165099 0.275365360230353 0.222121193295607 0.16887702636086 0.127436024773488 0.0977981885334884 0.0681603522934893 0.0385225160534901 0.0295728465316643 0.0275192325825628 0.0254656186334614 0.02341200468436 0.0223959356480918 0.0213798666118237 0.0203637975755555 0.0198211069000536 0.0206985513068503 0.021575995713647 0.0224534401204437 0.0257525598281063 0.0314733548366348 0.0371941498451633 0.0429149448536918 0.04759143550109 0.0519198246947781 0.0562482138884661 0.0605766030821542 0.0708130781604268 0.0810495532386994 0.0912860283169721 0.0994046075829829 0.101169499412208 0.102934391241433 0.104699283070659 -9999 -9999 -9999 -9999 -9999 -9999 -9999 -9999 -9999 -9999 -9999 -9999 -9999 -9999 -9999 0.0358812418307934 0.0359152600467496 0.0359492782627058 0.0359832964786619 0.047380419287947 0.0625652436283417
-9999 -9999 -9999 0.315110217343317 0.293661936098943 0.272213654854568 0.250765373610193 0.236574485399615 0.244155776290427 0.251737067181239 0.259318358072051 0.232423325916898 0.17105197071578 0.109680615514662 0.0483092603135447 0.0333299972371606 0.033814764869021 0.0342995325008815 0.0347843001327419 0.0344627143385878 0.0341411285444337 0.0338195427502797 0.0327946680990863 0.029659926876775 0.0265251856544637 0.0233904444321524 0.0288082623883383 0.0427786395230214 0.0567490166577045 0.0707193937923876 0.0756558666507772 0.0775810380837356 0.0795062095166941 0.0814313809496525 0.0931661492468265 0.104900917544001 0.116635685841175 0.124113093192136 0.11881841770446 0.113523742216785 0.108229066729109 -9999 -9999 -9999 -9999 -9999 -9999 -9999 -9999 -9999 -9999 -9999 -9999 -9999 -9999 -9999 0.0358132053988811 0.0357111507510126 0.0356090961031441 0.0355070414552756 0.0448867676022928 0.0574270873476053
-9999 -9999 -9999 0.285567918035667 0.268846404680517 0.252124891325366 0.235403377970215 0.227235338665196 0.244727721510571 0.262220104355947 0.279712487201323 0.255906808262807 0.190803067540401 0.125699326817994 0.0605955860955874 0.0453929684153991 0.0468240584159503 0.0482551484165015 0.0496862384170527 0.051137329210178 0.0525884200033033 0.0540395107964287 0.0534467571415007 0.0467224701424129 0.0399981831433252 0.0332738961442374 0.041471269360045 0.064590302790748 0.0877093362214509 0.110828369652154 0.115889652224723 0.114931684511248 0.113973716797773 0.113015749084298 0.119857802870683 0.126699856657069 0.133541910443455 0.138673450783244 0.138673450783244 -9999 -9999 -9999 -9999 -9999 -9999 -9999 -9999 -9999 -9999 -9999 -9999 -9999 -9999 -9999 -9999 -9999 0.0622252212651802 0.0575297725536075 0.0528343238420348 0.0481388751304621 0.0525013664082508 0.0598831710158265
-9999 -9999 -9999 0.285567918035667 0.291141755820718 0.296715593605768 0.302289431390818 0.300592086961842 0.277081195890787 0.253570304819732 0.230059413748677 0.197886471811216 0.15705147900735 0.116216486203484 0.0753814933996182 0.0657617600663798 0.0665471132233506 0.0673324663803214 0.0681178195372922 0.0724197802628623 0.0767217409884324 0.0810237017140025 0.0817773740272969 0.0718861811037641 0.0619949881802313 0.0521037952566985 0.0637415807432262 0.0969083446398145 0.130075108536403 0.163241872432991 0.168292792222928 0.163971763977315 0.159650735731702 0.155329707486089 0.150888039031997 0.146446370577905 0.142004702123813 -9999 -9999 -9999 -9999 -9999 -9999 -9999 -9999 -9999 -9999 -9999 -9999 -9999 -9999 -9999 -9999 -9999 -9999 -9999 0.0653555204062286 0.0669206699767528 0.0684858195472771 0.0700509691178013 0.0702242157058208 0.0699334946330055
-9999 -9999 -9999 0.396170948079089 0.394545995659428 0.392921043239767 0.391296090820106 0.373948835258489 0.309434670271003 0.244920505283517 0.180406340296031 0.139866135359625 0.1232998904743 0.106733645588974 0.090167400703649 0.0861305517173605 0.0862701680307509 0.0864097843441414 0.0865494006575318 0.0937022313155467 0.100855061973562 0.108007892631576 0.110107990913093 0.0970498920651153 0.0839917932171375 0.0709336943691596 0.0860118921264075 0.129226386488881 0.172440880851354 0.215655375213828 0.220695932221133 0.213011843443383 0.205327754665632 0.197643665887881 0.197643665887881 -9999 -9999 -9999 -9999 -9999 -9999 -9999 -9999 -9999 -9999 -9999 -9999 -9999 -9999 -9999 -9999 -9999 -9999 -9999 -9999 -9999 0.0460769363962754 0.0607977252184355 0.0755185140405956 0.0902393028627557 0.0879470650033909 0.0799838182501844
-9999 -9999 -9999 0.396170948079089 0.395845957595157 0.395520967111224 0.395195976627292 0.37804622175463 0.310422173715779 0.242798125676927 0.175174077638076 0.135356533151935 0.123345492218505 0.111334451285074 0.0993234103516443 0.0998746834084159 0.104613394461921 0.109352105515427 0.114090816568932 0.122178224191885 0.130265631814837 0.138353039437789 0.148883109795861 0.166741168359295 0.184599226922728 0.202457285486162 0.207650922762696 0.20018013875233 0.192709354741964 0.185238570731599 0.186225432960782 0.190031510603148 0.193837588245515 0.197643665887881 0.197643665887881 -9999 -9999 -9999 -9999 -9999 -9999 -9999 -9999 -9999 -9999 -9999 -9999 -9999 -9999 -9999 -9999 -9999 -9999 -9999 -9999 -9999 0.0442447246568918 0.0553010900002846 0.0663574553436774 0.0774138206870703 0.0759077471957426 0.0702141940928414
-9999 -9999 -9999 0.396170948079089 0.397145919530885 0.398120890982682 0.399095862434478 0.382143608250772 0.311409677160555 0.240675746070337 0.16994181498012 0.130846930944244 0.123391093962709 0.115935256981174 0.10847941999964 0.113618815099471 0.122956620893092 0.132294426686713 0.141632232480333 0.150654217068222 0.159676201656112 0.168698186244001 0.187658228678629 0.236432444653474 0.285206660628319 0.333980876603164 0.329289953398984 0.271133891015779 0.212977828632575 0.15482176624937 0.151754933700431 0.167051177762914 0.182347421825398 -9999 -9999 -9999 -9999 -9999 -9999 -9999 -9999 -9999 -9999 -9999 -9999 -9999 -9999 -9999 -9999 -9999 -9999 -9999 -9999 -9999 0.0387165419851954 0.0387165419851954 0.0424125129175081 0.0498044547821337 0.0571963966467592 0.0645883385113848 0.0638684293880942 0.0604445699354983
-9999 -9999 -9999 0.454749155323952 0.446351613616571 0.437954071909189 0.429556530201808 0.403337774419924 0.323655376414536 0.243972978409147 0.164290580403758 0.123982452554628 0.123048594861757 0.122114737168886 0.121180879476015 0.128532232105499 0.138645321509102 0.148758410912706 0.158871500316309 0.175925074290717 0.192978648265125 0.210032222239533 0.24111950956285 0.314307936932892 0.387496364302933 0.460684791672975 0.446806963125709 0.345862878661137 0.244918794196565 0.143974709731992 0.118738688615849 0.118738688615849 -9999 -9999 -9999 -9999 -9999 -9999 -9999 -9999 -9999 -9999 -9999 -9999 -9999 -9999 -9999 -9999 -9999 -9999 -9999 -9999 0.0812314283575688 0.0741456139621732 0.0670597995667777 0.0599739851713821 0.0568498273787554 0.0576873261888977 0.05852482499904 0.0593623238091823 0.0605332794802962 0.0618153874384006
-9999 -9999 -9999 0.454749155323952 0.45754833589308 0.460347516462207 0.463146697031334 0.441628720262088 0.347159271477722 0.252689822693355 0.158220373908989 0.114763097983086 0.122317994915647 0.129872891848208 0.137427788780769 0.1446149344265 0.151679496309953 0.158744058193406 0.165808620076859 0.197990795859369 0.230172971641878 0.262355147424387 0.309266952448525 0.400367645197548 0.491468337946571 0.582569030695595 0.560201951942872 0.424367101688404 0.288532251433935 0.152697401179466 -9999 -9999 -9999 -9999 -9999 -9999 -9999 -9999 -9999 -9999 -9999 -9999 -9999 -9999 -9999 -9999 -9999 -9999 -9999 -9999 -9999 -9999 0.0835933664893673 0.0859553046211659 0.0883172427529644 0.0906791808847629 0.0875566680406337 0.0789497042205767 0.0703427404005197 0.0617357765804627 0.0659022974723484 0.0743266466015484
-9999 -9999 -9999 0.0262558164649818 0.15451660967301 0.282777402881038 0.411038196089066 0.479919666104252 0.370663166540908 0.261406666977564 0.15215016741422 0.105543743411545 0.121587394969538 0.137631046527531 0.153674698085524 0.1606976367475 0.164713671110803 0.168729705474107 0.17274573983741 0.22005651742802 0.26736729501863 0.31467807260924 0.377414395334199 0.486427353462204 0.59544031159021 0.704453269718215 0.733643789717462 0.683011871587951 0.63237995345844 0.581748035328928 -9999 -9999 -9999 -9999 -9999 -9999 -9999 -9999 -9999 -9999 -9999 -9999 -9999 -9999 -9999 -9999 -9999 -9999 -9999 -9999 -9999 -9999 0.101801393248024 0.109083630013629 0.116365866779233 0.123648103544838 0.118263508702512 0.100212082252256 0.0821606558019994 0.0641092293517431 0.0712713154644007 0.0868379057646962
-9999 -9999 -9999 0.0262558164649818 0.138572226565884 0.250888636666787 0.363205046767689 0.426729672326474 0.343878944258904 0.261028216191335 0.178177488123765 0.139368820411619 0.144602213054895 0.149835605698172 0.155068998341449 0.163374791998649 0.172704719327157 0.182034646655666 0.191364573984174 0.229629809124162 0.267895044264151 0.306160279404139 0.353006191668101 0.425594135303982 0.498182078939863 0.570770022575743 0.602000802580733 0.591874418954831 0.581748035328928 0.571621651703026 -9999 -9999 -9999 -9999 -9999 -9999 -9999 -9999 -9999 -9999 -9999 -9999 -9999 -9999 -9999 -9999 -9999 -9999 -9999 -9999 -9999 -9999 0.100344945894904 0.101801393248024 0.103257840601145 0.104714287954266 0.105218084863736 0.104769231329556 0.104320377795375 0.103871524261194 0.109613424967392 0.117418910420383
-9999 -9999 0.0262558164649818 0.0262558164649818 0.122627843458758 0.218999870452535 0.315371897446312 0.373539678548696 0.3170947219769 0.260649765405105 0.20420480883331 0.173193897411693 0.167617031140253 0.162040164868813 0.156463298597373 0.166051947249798 0.180695767543511 0.195339587837225 0.209983408130938 0.239203100820305 0.268422793509671 0.297642486199038 0.328597988002002 0.364760917145759 0.400923846289515 0.437086775433272 0.470357815444004 0.50073696632171 0.531116117199417 0.561495268077124 -9999 -9999 -9999 -9999 -9999 -9999 -9999 -9999 -9999 -9999 -9999 -9999 -9999 -9999 -9999 -9999 -9999 -9999 -9999 -9999 -9999 -9999 0.0988884985417826 0.0945191564824199 0.0901498144230573 0.0857804723636946 0.0921726610249607 0.109326380406856 0.126480099788751 0.143633819170645 0.147955534470384 0.14799991507607
0.0548404764922452 0.0496432655781973 0.0444460546641494 0.0392488437501015 0.129537374610663 0.219825905471225 0.310114436331787 0.374085705843754 0.359105191309936 0.344124676776119 0.329144162242301 0.301068854460027 0.259898753429297 0.218728652398568 0.177558551367838 0.177671385928988 0.191545199020766 0.205419012112543 0.21929282520432 0.248553936020471 0.277815046836622 0.307076157652773 0.332368548901286 0.345754781446885 0.359141013992485 0.372527246538084 0.379220362810884 0.379220362810884 -9999 -9999 -9999 -9999 -9999 -9999 -9999 -9999 -9999 -9999 -9999 -9999 -9999 -9999 -9999 -9999 -9999 -9999 -9999 -9999 -9999 -9999 -9999 -9999 0.0920408912206767 0.088812817048165 0.0855847428756533 0.0823566687031416 0.105699353051023 0.155612795919296 0.20552623878757 0.255439681655844 0.250152063468704 0.226464091596426
0.0600376874062931 0.0617700910443091 0.0635024946823251 0.065234898320341 0.159300820021599 0.253366741722857 0.347432663424115 0.428367754211649 0.469910352258012 0.511452950304374 0.552995548350736 0.522993691556621 0.421447379922029 0.319901068287436 0.218354756652843 0.19823310803622 0.20525301375892 0.21227291948162 0.21929282520432 0.257682314724661 0.296071804245003 0.334461293765344 0.364317874365952 0.368575728207361 0.37283358204877 0.377091435890179 -9999 -9999 -9999 -9999 -9999 -9999 -9999 -9999 -9999 -9999 -9999 -9999 -9999 -9999 -9999 -9999 -9999 -9999 -9999 -9999 -9999 -9999 -9999 -9999 -9999 -9999 0.0931169159448473 0.0941929406690178 0.0952689653931884 0.096344990117359 0.145798160941922 0.243628477866878 0.341458794791833 0.439289111716789 0.416203011962352 0.352811439981451
0.442495097086066 0.325403715687571 0.208312334289076 0.0912209528905805 0.189064265432535 0.286907577974489 0.384750890516443 0.482649802579544 0.580715513206087 0.67878122383263 0.776846934459172 0.744918528653216 0.58299600641476 0.421073484176304 0.259150961937848 0.268296840877156 0.334465520209051 0.400634199540946 -9999 -9999 0.397484831046313 0.397484831046313 0.397484831046313 0.397484831046313 -9999 -9999 -9999 -9999 -9999 -9999 -9999 -9999 -9999 -9999 -9999 -9999 -9999 -9999 -9999 -9999 -9999 -9999 -9999 -9999 -9999 -9999 -9999 -9999 -9999 -9999 -9999 -9999 0.378402951755561 0.302580215065973 0.226757478376385 0.150934741686797 0.185896968832822 0.331644159814459 0.477391350796097 0.623138541777735 0.582253960456001 0.479158788366476
0.512749925925164 0.489331649645464 0.465913373365765 0.442495097086066 0.499182428960921 0.555869760835776 0.612557092710631 0.655066691804677 0.655043092556298 0.655019493307918 0.654995894059539 0.623276397760492 0.559861004410777 0.496445611061063 0.433030217711348 0.427101671273704 0.440335407140083 0.453569143006462 -9999 -9999 0.397484831046313 0.397484831046313 0.397484831046313 0.397484831046313 -9999 -9999 -9999 -9999 -9999 -9999 -9999 -9999 -9999 -9999 -9999 -9999 -9999 -9999 -9999 -9999 -9999 -9999 -9999 -9999 -9999 -9999 -9999 -9999 -9999 -9999 -9999 -9999 0.393567499093479 0.378402951755561 0.363238404417643 0.348073857079726 0.361330540370545 0.403008454290102 0.444686368209659 0.486364282129216 0.482205237698508 0.462767207151046
0.583004754764261 0.653259583603358 0.723514412442455 0.793769241281552 0.809300592489308 0.824831943697063 0.840363294904819 0.82748358102981 0.729370671906509 0.631257762783207 0.533144853659905 0.501634266867768 0.536726002406795 0.571817737945821 0.606909473484848 0.585906501670252 0.546205294071115 0.506504086471978 -9999 -9999 -9999 -9999 -9999 -9999 -9999 -9999 -9999 -9999 -9999 -9999 -9999 -9999 -9999 -9999 -9999 -9999 -9999 -9999 -9999 -9999 -9999 -9999 -9999 -9999 -9999 -9999 -9999 -9999 -9999 -9999 -9999 -9999 0.408732046431396 0.454225688445149 0.499719330458902 0.545212972472655 0.536764111908269 0.474372748765745 0.411981385623221 0.349590022480697 0.382156514941016 0.446375625935616
1.63818960939534 1.51659264648333 1.39499568357132 1.27339872065932 1.15709387138486 1.0407890221104 0.924484172835946 0.815454275929369 0.72824923612643 0.641044196323492 0.553839156520553 0.537529808585532 0.592116152518429 0.646702496451326 0.701288840384223 0.714935426367447 0.714935426367447 -9999 -9999 -9999 -9999 -9999 -9999 -9999 -9999 -9999 -9999 -9999 -9999 -9999 -9999 -9999 -9999 -9999 -9999 -9999 -9999 -9999 -9999 -9999 -9999 -9999 -9999 -9999 -9999 -9999 -9999 -9999 -9999 -9999 -9999 -9999 0.735211562365294 0.726291951723397 0.7173723410815 0.708452730439603 0.648865533526987 0.538610750343651 0.428355967160314 0.318101183976978 0.387409039540216 0.516571108018979
1.75978657230735 1.80031889327802 1.84085121424869 1.88138353521936 1.54256226564758 1.20374099607579 0.864919726504013 0.618978776503354 0.651678785216063 0.684378793928772 0.717078802641481 0.730963022913784 0.72603145474568 0.721099886577576 0.716168318409473 -9999 -9999 -9999 -9999 -9999 -9999 -9999 -9999 -9999 -9999 -9999 -9999 -9999 -9999 -9999 -9999 -9999 -9999 -9999 -9999 -9999 -9999 -9999 -9999 -9999 -9999 -9999 -9999 -9999 -9999 -9999 -9999 -9999 -9999 -9999 -9999 -9999 0.738184765912592 0.741157969459891 0.74413117300719 0.747104376554489 0.697634805226699 0.595722459023818 0.493810112820938 0.391897766618058 0.497962811496109 0.673353653401136
2.91908249957487 2.77584444964305 2.63260639971122 2.4893683497794 1.92803065991029 1.36669297004119 0.80535528017208 0.42250327707734 0.575108334305696 0.727713391534053 0.880318448762409 0.956620977376588 0.956620977376588 -9999 -9999 -9999 -9999 -9999 -9999 -9999 -9999 -9999 -9999 -9999 -9999 -9999 -9999 -9999 -9999 -9999 -9999 -9999 -9999 -9999 -9999 -9999 -9999 -9999 -9999 -9999 -9999 -9999 -9999 -9999 -9999 -9999 -9999 -9999 -9999 -9999 -9999 -9999 -9999 -9999 0.793189031537622 0.793189031537622 0.74640407692641 0.652834167703986 0.559264258481562 0.465694349259138 0.608516583452001 0.830136198783293
3.00502532953396 2.9763777195476 2.94773010956123 2.91908249957487 2.30276461271569 1.68644672585651 1.07012883899733 0.631139127421193 0.724133941694163 0.817128755967133 0.910123570240103 0.956620977376588 0.956620977376588 -9999 -9999 -9999 -9999 -9999 -9999 -9999 -9999 -9999 -9999 -9999 -9999 -9999 -9999 -9999 -9999 -9999 -9999 -9999 -9999 -9999 -9999 -9999 -9999 -9999 -9999 -9999 -9999 -9999 -9999 -9999 -9999 -9999 -9999 -9999 -9999 -9999 -9999 -9999 -9999 -9999 0.793189031537622 0.793189031537622 0.807534721679986 0.836226101964712 0.864917482249439 0.893608862534165 1.03058105637319 1.20364685473032
3.09096815949306 3.17691098945215 3.26285381941125 3.34879664937034 2.67749856552109 2.00620048167184 1.33490239782259 0.839774977765046 0.873159549082629 0.906544120400213 0.939928691717796 -9999 -9999 -9999 -9999 -9999 -9999 -9999 -9999 -9999 -9999 -9999 -9999 -9999 -9999 -9999 -9999 -9999 -9999 -9999 -9999 -9999 -9999 -9999 -9999 -9999 -9999 -9999 -9999 -9999 -9999 -9999 -9999 -9999 -9999 -9999 -9999 -9999 -9999 -9999 -9999 -9999 -9999 -9999 -9999 -9999 0.868665366433561 1.01961803622544 1.17057070601732 1.32152337580919 1.45264552929439 1.57715751067735
4.98239082377404 4.62719193566591 4.27199304755777 3.91679415944964 3.11779578169808 2.31879740394652 1.51979902619496 0.91828546312172 0.909226344083436 0.900167225045152 0.891108106006868 -9999 -9999 -9999 -9999 -9999 -9999 -9999 -9999 -9999 -9999 -9999 -9999 -9999 -9999 -9999 -9999 -9999 -9999 -9999 -9999 -9999 -9999 -9999 -9999 -9999 -9999 -9999 -9999 -9999 -9999 -9999 -9999 -9999 -9999 -9999 -9999 -9999 -9999 -9999 -9999 -9999 -9999 -9999 -9999 -9999 2.77784892206546 2.57100588537287 2.36416284868028 2.15731981198769 2.06186383520253 2.00353687838651
5.12364699784666 4.95678967516869 4.78993235249072 4.62307502981275 3.62365626124665 2.62423749268055 1.62481872411445 0.876009574276395 0.87902928062249 0.882048986968584 0.885068693314679 -9999 -9999 -9999 -9999 -9999 -9999 -9999 -9999 -9999 -9999 -9999 -9999 -9999 -9999 -9999 -9999 -9999 -9999 -9999 -9999 -9999 -9999 -9999 -9999 -9999 -9999 -9999 -9999 -9999 -9999 -9999 -9999 -9999 -9999 -9999 -9999 -9999 -9999 -9999 -9999 -9999 -9999 -9999 -9999 -9999 2.91574427986052 2.98469195875805 3.05363963765558 3.12258731655311 2.85823597409762 2.4827849578578
5.26490317191929 5.28638741467148 5.30787165742368 5.32935590017587 4.12951674079522 2.92967758141458 1.72983842203394 0.829959052498452 0.829959052498452 -9999 -9999 -9999 -9999 -9999 -9999 -9999 -9999 -9999 -9999 -9999 -9999 -9999 -9999 -9999 -9999 -9999 -9999 -9999 -9999 -9999 -9999 -9999 -9999 -9999 -9999 -9999 -9999 -9999 -9999 -9999 -9999 -9999 -9999 -9999 -9999 -9999 -9999 -9999 -9999 -9999 -9999 -9999 -9999 -9999 -9999 -9999 3.58041231287643 3.76306680729613 3.94572130171582 4.12837579613551 3.65460811299272 2.96203303732909
5.10638542380184 5.09382562804967 5.0812658322975 5.06870603654534 3.93837350746617 2.808040978387 1.67770844930783 0.829959052498452 0.829959052498452 -9999 -9999 -9999 -9999 -9999 -9999 -9999 -9999 -9999 -9999 -9999 -9999 -9999 -9999 -9999 -9999 -9999 -9999 -9999 -9999 -9999 -9999 -9999 -9999 -9999 -9999 -9999 -9999 -9999 -9999 -9999 -9999 -9999 -9999 -9999 -9999 -9999 -9999 -9999 -9999 -9999 -9999 -9999 -9999 -9999 -9999 -9999 3.50735051510856 3.54388141399249 3.58041231287643 3.61694321176037 3.38158227293752 3.05559072154574
4.94786767568439 4.90126384142786 4.85466000717133 4.8080561729148 3.74723027413711 2.68640437535942 1.62557847658172 -9999 -9999 -9999 -9999 -9999 -9999 -9999 -9999 -9999 -9999 -9999 -9999 -9999 -9999 -9999 -9999 -9999 -9999 -9999 -9999 -9999 -9999 -9999 -9999 -9999 -9999 -9999 -9999 -9999 -9999 -9999 -9999 -9999 -9999 -9999 -9999 -9999 -9999 -9999 -9999 -9999 -9999 -9999 -9999 -9999 -9999 -9999 -9999 -9999 3.43428871734068 3.32469602068886 3.21510332403705 3.10551062738523 3.10855643288232 3.14914840576239
