data/climate/sant/min_temp.asc
NCOLS 360 
NROWS 180 
XLLCORNER -180 
YLLCORNER -90 
CELLSIZE 1 
NODATA_value -9999 
[rows 140 to 167 of 180, columns 256 to 319 of 360]
-9999 -9999 -9999 -9999 -9999 -9999 -9999 -9999 -9999 -9999 -9999 -9999 -9999 -9999 -9999 -9999 -9999 -9999 -9999 -9999 -9999 4.50460205078127 4.18031819661461 3.85603434244794 3.53175048828127 3.16849568684898 2.68832804361981 2.20816040039065 1.72799275716148 1.51000773111981 1.55420532226565 1.59840291341148 1.64260050455731 1.78597167968752 1.96240071614586 2.13882975260419 2.31525878906252 2.03282714843752 1.75039550781252 1.46796386718752 1.22408976236981 1.09588826497398 0.967686767578148 0.839485270182314 0.580304768880231 0.190145263671898 -0.200014241536436 -0.590173746744769 -0.643441162109352 -0.584411214192686 -0.525381266276019 -0.466351318359352 -0.290408935546852 -0.114466552734352 0.0614758300781477 0.207123616536481 0.261887613932314 0.316651611328148 0.371415608723981 0.463681233723981 0.593448486328148 0.723215738932314 0.852982991536481 0.700201416015648
-9999 -9999 -9999 -9999 -9999 -9999 -9999 -9999 -9999 -9999 -9999 -9999 -9999 -9999 -9999 -9999 -9999 -9999 -9999 -9999 4.50460205078127 4.50460205078127 4.13920491536461 3.77380777994794 3.40841064453127 3.01996053059898 2.56235148111981 2.10474243164065 1.64713338216148 1.37092895507815 1.27612915039065 1.18132934570315 1.08652954101565 1.11509277343752 1.18477701822919 1.25446126302086 1.32414550781252 1.12380696614586 0.923468424479189 0.723129882812523 0.518704833984398 0.302020263671898 0.0853356933593977 -0.131348876953102 -0.387878011067686 -0.684251708984352 -0.980625406901019 -1.27699910481769 -1.2366955566406 -1.0841662597656 -0.931636962890602 -0.779107666015602 -0.617247314453102 -0.455386962890602 -0.293526611328102 -0.164631754557269 -0.134633382161436 -0.104635009765602 -0.0746366373697689 -0.0151330566406022 0.0738757324218977 0.162884521484398 0.251893310546898 0.0897644042968977
-9999 -9999 -9999 -9999 -9999 -9999 -9999 -9999 -9999 -9999 -9999 -9999 -9999 -9999 -9999 -9999 -9999 -9999 3.60870361328127 3.90733642578127 4.20596923828127 4.50460205078127 4.09809163411461 3.69158121744794 3.28507080078127 2.87142537434898 2.43637491861981 2.00132446289065 1.56627400716148 1.23185017903648 0.998052978515648 0.764255777994814 0.530458577473981 0.444213867187523 0.407153320312523 0.370092773437523 0.333032226562523 0.214786783854189 0.0965413411458561 -0.0217041015624773 -0.186680094401019 -0.491847737630186 -0.797015380859352 -1.10218302408852 -1.3560607910156 -1.5586486816406 -1.7612365722656 -1.9638244628906 -1.82994995117185 -1.58392130533852 -1.33789265950519 -1.09186401367185 -0.944085693359352 -0.796307373046852 -0.648529052734352 -0.536387125651019 -0.531154378255186 -0.525921630859352 -0.520688883463519 -0.493947347005186 -0.445697021484352 -0.397446695963519 -0.349196370442686 -0.520672607421852
-9999 -9999 -9999 -9999 -9999 -9999 -9999 -9999 -9999 -9999 -9999 -9999 -9999 -9999 -9999 -9999 -9999 -9999 3.42952392578127 3.48925048828127 3.54897705078127 3.60870361328127 3.30726155598961 3.00581949869794 2.70437744140627 2.37194051106773 1.94651896158856 1.5210974121094 1.09567586263023 0.755794677734398 0.501453857421898 0.247113037109398 -0.0072277832031023 -0.0893652343749772 -0.114101562499977 -0.138837890624977 -0.163574218749977 -0.235504557291644 -0.307434895833311 -0.379365234374977 -0.505149332682269 -0.792494710286436 -1.0798400878906 -1.36718546549477 -1.57528198242185 -1.70412963867185 -1.83297729492185 -1.96182495117185 -1.84840698242185 -1.65423380533852 -1.46006062825519 -1.26588745117185 -1.21373087565102 -1.16157430013019 -1.10941772460935 -1.06710408528644 -1.05431925455727 -1.0415344238281 -1.02874959309894 -0.990802001953102 -0.927691650390602 -0.864581298828102 -0.801470947265602 -1.0063977050781
-9999 -9999 -9999 -9999 -9999 -9999 -9999 -9999 -9999 -9999 -9999 -9999 -9999 -9999 -9999 -9999 -9999 -9999 3.25034423828127 3.07116455078127 2.89198486328127 2.71280517578127 2.51643147786461 2.32005777994794 2.12368408203127 1.87245564778648 1.45666300455731 1.04087036132815 0.625077718098981 0.279739176432314 0.00485473632814774 -0.270029703776019 -0.544914143880186 -0.622944335937477 -0.635356445312477 -0.647768554687477 -0.660180664062477 -0.685795898437477 -0.711411132812477 -0.737026367187477 -0.823618570963519 -1.09314168294269 -1.36266479492185 -1.63218790690102 -1.7945031738281 -1.8496105957031 -1.9047180175781 -1.9598254394531 -1.86686401367185 -1.72454630533852 -1.58222859700519 -1.43991088867185 -1.48337605794269 -1.52684122721352 -1.57030639648435 -1.59782104492185 -1.57748413085935 -1.55714721679685 -1.53681030273435 -1.48765665690102 -1.40968627929685 -1.33171590169269 -1.25374552408852 -1.49212280273435
-9999 -9999 -9999 -9999 -9999 -9999 -9999 -9999 -9999 -9999 -9999 -9999 -9999 -9999 -9999 -9999 -9999 -9999 -9999 -9999 2.26485595703127 2.26485595703127 1.99260009765627 1.72034423828127 1.44808837890627 1.17340535481773 0.891440836588564 0.609476318359398 0.327511800130231 0.0405773925781477 -0.251326904296852 -0.543231201171852 -0.835135498046852 -0.926804199218727 -0.951727701822894 -0.976651204427061 -1.00157470703123 -1.00170491536456 -1.00183512369789 -1.00196533203123 -1.07009643554685 -1.34223022460935 -1.61436401367185 -1.88649780273435 -2.02773966471352 -2.03808959960935 -2.04843953450519 -2.05878946940102 -1.98631591796873 -1.88623453776039 -1.78615315755206 -1.68607177734373 -1.78147054036456 -1.87686930338539 -1.97226806640623 -2.03472574869789 -1.99836018880206 -1.96199462890623 -1.92562906901039 -1.87867350260414 -1.82112792968748 -1.76358235677081 -1.70603678385414 -1.94766357421873
-9999 -9999 -9999 -9999 -9999 -9999 -9999 -9999 -9999 -9999 -9999 -9999 -9999 -9999 -9999 -9999 -9999 -9999 -9999 -9999 -9999 2.26485595703127 1.73576741536461 1.20667887369794 0.677590332031273 0.274789632161481 0.250852457682314 0.226915283203148 0.202978108723981 0.0383093261718977 -0.267091064453102 -0.572491455078102 -0.877891845703102 -1.00094482421873 -1.06321533203123 -1.12548583984373 -1.18775634765623 -1.18323160807289 -1.17870686848956 -1.17418212890623 -1.24458292643227 -1.53976033528644 -1.8349377441406 -2.13011515299477 -2.2749914550781 -2.2695666503906 -2.2641418457031 -2.2587170410156 -2.20676269531248 -2.13929850260414 -2.07183430989581 -2.00437011718748 -2.10801432291664 -2.21165852864581 -2.31530273437498 -2.37781819661456 -2.31694742838539 -2.25607666015623 -2.19520589192706 -2.16385253906248 -2.16201660156248 -2.16018066406248 -2.15834472656248 -2.37302001953123
-9999 -9999 -9999 -9999 -9999 -9999 -9999 -9999 -9999 -9999 -9999 -9999 -9999 -9999 -9999 -9999 -9999 -9999 -9999 -9999 -9999 -1.96488037109373 -1.62287190755206 -1.28086344401039 -0.938854980468727 -0.623826090494769 -0.389735921223936 -0.155645751953102 0.0784444173177311 0.0360412597656477 -0.282855224609352 -0.601751708984352 -0.920648193359352 -1.07508544921873 -1.17470296223956 -1.27432047526039 -1.37393798828123 -1.36475830078123 -1.35557861328123 -1.34639892578123 -1.41906941731769 -1.73729044596352 -2.05551147460935 -2.37373250325519 -2.52224324544269 -2.50104370117185 -2.47984415690102 -2.45864461263019 -2.42720947265623 -2.39236246744789 -2.35751546223956 -2.32266845703123 -2.43455810546873 -2.54644775390623 -2.65833740234373 -2.72091064453123 -2.63553466796873 -2.55015869140623 -2.46478271484373 -2.44903157552081 -2.50290527343748 -2.55677897135414 -2.61065266927081 -2.79837646484373
-9999 -9999 -9999 -9999 -9999 -9999 -9999 -9999 -9999 -9999 -9999 -9999 -9999 -9999 -9999 -9999 -9999 -9999 -9999 -9999 -9999 -1.96488037109373 -1.89647867838539 -1.82807698567706 -1.75967529296873 -1.61867553710935 -1.25988159179685 -0.901087646484352 -0.542293701171852 -0.515266520182269 -0.820006103515602 -1.12474568684894 -1.42948527018227 -1.56924804687498 -1.65401855468748 -1.73878906249998 -1.82355957031248 -1.69448079427081 -1.56540201822914 -1.43632324218748 -1.41906941731769 -1.73729044596352 -2.05551147460935 -2.37373250325519 -2.52224324544269 -2.50104370117185 -2.47984415690102 -2.45864461263019 -2.42720947265623 -2.39236246744789 -2.35751546223956 -2.32266845703123 -2.58482828776039 -2.84698811848956 -3.10914794921873 -3.28004801432289 -3.17716878255206 -3.07428955078123 -2.97141031901039 -2.96151692708331 -3.04460937499998 -3.12770182291664 -3.21079427083331 -3.31574951171873
-9999 -9999 -9999 -9999 -9999 -9999 -9999 -9999 -9999 -9999 -9999 -9999 -9999 -9999 -9999 -9999 -9999 -9999 -9999 -9999 -9999 -1.96488037109373 -2.17008544921873 -2.37529052734373 -2.58049560546873 -2.61352498372394 -2.13002726236977 -1.6465295410156 -1.16303181966144 -1.06657430013019 -1.35715698242185 -1.64773966471352 -1.93832234700519 -2.06341064453123 -2.13333414713539 -2.20325764973956 -2.27318115234373 -2.02420328776039 -1.77522542317706 -1.52624755859373 -1.41906941731769 -1.73729044596352 -2.05551147460935 -2.37373250325519 -2.52224324544269 -2.50104370117185 -2.47984415690102 -2.45864461263019 -2.42720947265623 -2.39236246744789 -2.35751546223956 -2.32266845703123 -2.73509847005206 -3.14752848307289 -3.55995849609373 -3.83918538411456 -3.71880289713539 -3.59842041015623 -3.47803792317706 -3.47400227864581 -3.58631347656248 -3.69862467447914 -3.81093587239581 -3.83312255859373
-9999 -9999 -9999 -9999 -9999 -9999 -9999 -9999 -9999 -9999 -9999 -9999 -9999 -9999 -9999 -9999 -9999 -9999 -9999 -9999 -9999 -9999 -9999 -3.24741210937498 -3.24741210937498 -3.11094970703123 -2.56510009765623 -2.01925048828123 -1.47340087890623 -1.34222819010414 -1.62573242187498 -1.90923665364581 -2.19274088541664 -2.31049194335935 -2.37299194335935 -2.43549194335935 -2.49799194335935 -2.49799194335935 -9999 -9999 -9999 -9999 -9999 -9999 -9999 -9999 -9999 -9999 -9999 -9999 -9999 -9999 -9999 -4.15103759765623 -4.15103759765623 -4.11875406901039 -3.98961995442706 -3.86048583984373 -3.73135172526039 -3.73024495442706 -3.85716552734373 -3.98408610026039 -4.11100667317706 -4.09180908203123
-9999 -9999 -9999 -9999 -9999 -9999 -9999 -9999 -9999 -9999 -9999 -9999 -9999 -9999 -9999 -9999 -9999 -9999 -9999 -9999 -9999 -9999 -9999 -9999 -9999 -3.11094970703123 -2.56510009765623 -2.01925048828123 -1.47340087890623 -1.34222819010414 -1.62573242187498 -1.90923665364581 -2.19274088541664 -2.31049194335935 -2.37299194335935 -2.43549194335935 -9999 -9999 -9999 -9999 -9999 -9999 -9999 -9999 -9999 -9999 -9999 -9999 -9999 -9999 -9999 -9999 -9999 -9999 -9999 -4.11875406901039 -3.98961995442706 -3.86048583984373 -3.73135172526039 -3.73024495442706 -3.85716552734373 -3.98408610026039 -4.11100667317706 -4.09180908203123
-9999 -9999 -9999 -9999 -9999 -9999 -9999 -9999 -9999 -9999 -9999 -9999 -9999 -9999 -9999 -9999 -9999 -9999 -9999 -9999 -9999 -9999 -9999 -9999 -9999 -9999 -9999 -9999 -9999 -9999 -9999 -9999 -9999 -9999 -9999 -9999 -9999 -9999 -9999 -9999 -9999 -9999 -9999 -9999 -9999 -9999 -9999 -9999 -9999 -9999 -9999 -9999 -9999 -9999 -9999 -9999 -9999 -9999 -9999 -9999 -9999 -9999 -9999 -9999
-9999 -9999 -9999 -9999 -9999 -9999 -9999 -9999 -9999 -9999 -9999 -9999 -9999 -9999 -9999 -9999 -9999 -9999 -9999 -9999 -9999 -9999 -9999 -9999 -9999 -9999 -9999 -9999 -9999 -9999 -9999 -9999 -9999 -9999 -9999 -9999 -9999 -9999 -9999 -9999 -9999 -9999 -9999 -9999 -9999 -9999 -9999 -9999 -9999 -9999 -9999 -9999 -9999 -9999 -9999 -9999 -9999 -9999 -9999 -9999 -9999 -9999 -9999 -9999
-9999 -9999 -9999 -9999 -9999 -9999 -9999 -9999 -9999 -9999 -9999 -9999 -9999 -9999 -9999 -9999 -9999 -9999 -9999 -9999 -9999 -9999 -9999 -9999 -9999 -9999 -9999 -9999 -9999 -9999 -9999 -9999 -9999 -9999 -9999 -9999 -9999 -9999 -9999 -9999 -9999 -9999 -9999 -9999 -9999 -9999 -9999 -9999 -9999 -9999 -9999 -9999 -9999 -9999 -9999 -9999 -9999 -9999 -9999 -9999 -9999 -9999 -9999 -9999
-9999 -9999 -9999 -9999 -9999 -9999 -9.83395996093748 -9.25980631510414 -8.68565266927081 -8.11149902343748 -7.58285115559894 -7.19072062174477 -6.7985900878906 -6.40645955403644 -6.3906066894531 -6.7510314941406 -7.1114562988281 -7.4718811035156 -8.1094543457031 -8.8394104003906 -9.5693664550781 -10.2993225097656 -9.8758117675781 -9.4523010253906 -9.0287902832031 -9999 -9999 -9999 -9999 -9999 -9999 -9999 -9999 -9999 -9999 -9999 -9999 -9999 -9999 -9999 -9999 -9999 -9999 -9999 -9999 -9999 -9999 -9999 -9999 -9999 -9999 -9999 -9999 -9999 -9999 -9999 -9999 -9999 -9999 -9999 -9999 -9999 -9999 -9999
-9999 -9999 -9999 -9999 -9999 -9.83395996093748 -9.83395996093748 -9.25980631510414 -8.68565266927081 -8.11149902343748 -7.58285115559894 -7.19072062174477 -6.7985900878906 -6.40645955403644 -6.3906066894531 -6.7510314941406 -7.1114562988281 -7.4718811035156 -8.1094543457031 -8.8394104003906 -9.5693664550781 -10.2993225097656 -9.8758117675781 -9.4523010253906 -9.0287902832031 -8.71115722656248 -8.71115722656248 -9999 -9999 -9999 -9999 -9999 -9999 -9999 -9999 -9999 -9999 -9999 -9999 -9999 -9999 -9999 -9999 -9999 -9999 -9999 -9999 -9999 -9999 -9999 -5.60288085937498 -5.60288085937498 -5.60288085937498 -9999 -9999 -9999 -9999 -9999 -9999 -9999 -9999 -9999 -9999 -9999
-11.4201049804687 -11.4020548502604 -11.3840047200521 -11.0703857421875 -10.6582438151041 -10.2461018880208 -9.83395996093748 -9.25980631510414 -8.68565266927081 -8.11149902343748 -7.58285115559894 -7.19072062174477 -6.7985900878906 -6.40645955403643 -6.3906066894531 -6.7510314941406 -7.1114562988281 -7.4718811035156 -8.1094543457031 -8.8394104003906 -9.5693664550781 -10.2993225097656 -9.8758117675781 -9.4523010253906 -9.0287902832031 -8.71115722656248 -8.71115722656248 -9999 -9999 -9999 -9999 -9999 -9999 -6.6269348144531 -6.7596740722656 -6.8924133300781 -9999 -9999 -9999 -9999 -9999 -9999 -9999 -9999 -9999 -9999 -9999 -9999 -6.36774902343748 -6.11279296874998 -5.85783691406248 -5.60288085937498 -5.85783691406248 -6.11279296874998 -6.36774902343748 -9999 -9999 -9999 -9999 -9999 -9999 -9999 -9999 -9999
-11.4201049804687 -11.4020548502604 -11.3840047200521 -11.266435546875 -11.115693359375 -10.964951171875 -10.814208984375 -10.1774251302083 -9.54064127604164 -8.90385742187498 -8.37123413085935 -8.15109252929685 -7.93095092773435 -7.71080932617185 -7.83009643554685 -8.28881225585935 -8.74752807617185 -9.20624389648435 -9.5798742675781 -9.9251428222656 -10.2704113769531 -10.6156799316406 -10.1078072102864 -9.59993448893227 -9.0920617675781 -8.71115722656248 -8.71115722656248 -9999 -9999 -9999 -9999 -9999 -9999 -6.6269348144531 -6.7596740722656 -6.8924133300781 -9999 -9999 -9999 -9999 -9999 -9999 -9999 -9999 -9999 -9999 -9999 -9999 -6.52072265624998 -6.46973144531248 -6.41874023437498 -6.36774902343748 -6.41874023437498 -6.46973144531248 -6.52072265624998 -9999 -9999 -9999 -9999 -9999 -9999 -9999 -9999 -9999
-11.4201049804687 -11.4020548502604 -11.3840047200521 -11.4624853515625 -11.5731429036458 -11.6838004557291 -11.7944580078125 -11.0950439453125 -10.3956298828125 -9.69621582031248 -9.15961710611977 -9.11146443684894 -9.0633117675781 -9.01515909830727 -9.2695861816406 -9.8265930175781 -10.3835998535156 -10.9406066894531 -11.0502941894531 -11.0108752441406 -10.9714562988281 -10.9320373535156 -10.3398026529948 -9.74756795247394 -9.1553332519531 -9999 -9999 -9999 -9999 -9999 -9999 -6.52738037109373 -6.52738037109373 -6.6269348144531 -6.7596740722656 -6.8924133300781 -7.0251525878906 -7.0251525878906 -9999 -9999 -9999 -9999 -9999 -9999 -9999 -9999 -9999 -9999 -6.67369628906248 -6.82666992187498 -6.97964355468748 -7.13261718749998 -6.97964355468748 -6.82666992187498 -6.67369628906248 -9999 -9999 -9999 -9999 -9999 -9999 -9999 -9999 -9999
-11.9043286132812 -11.9074991861979 -11.9106697591146 -12.0557116699219 -12.2480440266927 -12.4403763834635 -12.6327087402344 -12.0021667480469 -11.3716247558594 -10.7410827636719 -10.2970540364583 -10.4125651041666 -10.528076171875 -10.6435872395833 -10.9875065104166 -11.559833984375 -12.1321614583333 -12.7044889322916 -12.4960998535156 -12.0274719238281 -11.5588439941406 -11.0902160644531 -11.0902160644531 -9999 -9999 -9999 -9999 -9999 -9999 -9999 -9999 -6.52738037109373 -6.52738037109373 -6.6269348144531 -6.7596740722656 -6.8924133300781 -7.0251525878906 -7.0251525878906 -9999 -9999 -9999 -9999 -9999 -9999 -9999 -9999 -9999 -9999 -9999 -9999 -7.51505126953123 -7.51505126953123 -7.51505126953123 -9999 -9999 -9999 -9999 -9999 -9999 -9999 -9999 -9999 -9999 -9999
-12.8727758789062 -12.9183878580729 -12.9639998372396 -13.0461145019531 -13.1403967285156 -13.2346789550781 -13.3289611816406 -12.8987935384114 -12.4686258951823 -12.0384582519531 -11.783544921875 -12.05439453125 -12.325244140625 -12.59609375 -12.983857421875 -13.48853515625 -13.993212890625 -14.497890625 -13.9172912597656 -12.9749328613281 -12.0325744628906 -9999 -9999 -9999 -9999 -9999 -9999 -9999 -9999 -9999 -9999 -9999 -9999 -6.6269348144531 -6.7596740722656 -6.8924133300781 -9999 -9999 -9999 -9999 -9999 -9999 -9999 -9999 -9999 -9999 -9999 -9999 -9999 -9999 -9999 -9999 -9999 -9999 -9999 -9999 -9999 -9999 -9999 -9999 -9999 -9999 -9999 -9999
-13.8412231445312 -13.9292765299479 -14.0173299153646 -14.0365173339844 -14.0327494303385 -14.0289815266927 -14.0252136230469 -13.795420328776 -13.5656270345052 -13.3358337402344 -13.2700358072916 -13.6962239583333 -14.122412109375 -14.5486002604166 -14.9802083333333 -15.417236328125 -15.8542643229166 -16.2912923177083 -16.7235885620117 -17.1543075561523 -17.5850265502929 -9999 -9999 -9999 -9999 -9999 -9999 -9999 -9999 -9999 -9999 -9999 -9999 -9999 -9999 -9999 -9999 -9999 -9999 -9999 -9999 -9999 -9999 -9999 -9999 -9999 -9999 -9999 -9999 -9999 -9999 -9999 -9999 -9999 -9999 -9999 -9999 -9999 -9999 -9999 -9999 -9999 -9999 -11.7099243164062
-15.6543176269531 -15.6147440592448 -15.5751704915364 -15.4600671386719 -15.3197871907552 -15.1795072428385 -15.0392272949219 -14.8287764485677 -14.6183256022135 -14.4078747558594 -14.3566451009114 -14.7830790201823 -15.2095129394531 -15.6359468587239 -16.0949694824219 -16.5865808105469 -17.0781921386719 -17.5698034667969 -17.7573141479492 -17.8434579467773 -17.9296017456054 -9999 -9999 -9999 -9999 -9999 -9999 -9999 -9999 -9999 -9999 -9999 -9999 -9999 -9999 -9999 -9999 -9999 -9999 -9999 -9999 -9999 -9999 -9999 -9999 -9999 -9999 -9999 -9999 -9999 -9999 -9999 -9999 -9999 -9999 -9999 -9999 -9999 -9999 -9999 -9999 -9999 -9999 -11.9542822265625
-17.467412109375 -17.3002115885416 -17.1330110677083 -16.8836169433593 -16.6068249511719 -16.3300329589844 -16.0532409667969 -15.8621325683594 -15.6710241699219 -15.4799157714844 -15.4432543945312 -15.8699340820312 -16.2966137695312 -16.7232934570312 -17.2097306315104 -17.7559252929687 -18.3021199544271 -18.8483146158854 -18.7910397338867 -18.5326083374023 -18.2741769409179 -9999 -9999 -9999 -9999 -9999 -9999 -9999 -9999 -9999 -9999 -9999 -9999 -9999 -9999 -9999 -9999 -9999 -9999 -9999 -9999 -9999 -9999 -9999 -9999 -9999 -9999 -9999 -9999 -9999 -9999 -9999 -9999 -9999 -9999 -9999 -9999 -9999 -9999 -9999 -9999 -12.2692932128906 -12.2692932128906 -12.1986401367187
-18.7676135253906 -18.5461975097656 -18.3247814941406 -18.0278259277344 -17.7056905110677 -17.383555094401 -17.0614196777344 -16.8606905110677 -16.659961344401 -16.4592321777343 -16.4016524251302 -16.7735209147135 -17.1453894042968 -17.5172578938802 -17.9708247884114 -18.5060900878906 -19.0413553873698 -19.5766206868489 -19.976782836914 -20.3319106038411 -20.6870383707682 -21.0421661376953 -21.196841430664 -21.3515167236328 -21.5061920166015 -21.3905344645182 -20.4638783772786 -19.537222290039 -18.6105662027995 -9999 -9999 -9999 -9999 -9999 -9999 -9999 -9999 -9999 -9999 -9999 -9999 -9999 -9999 -9999 -9999 -9999 -9999 -9999 -9999 -9999 -9999 -9999 -9999 -9999 -9999 -9999 -9999 -9999 -9999 -16.6104764811198 -15.6110803222656 -14.6116841634114 -13.6122880045573 -13.3106726074219
-19.554921875 -19.3527018229166 -19.1504817708333 -18.8926940917969 -18.6163838704427 -18.3400736490885 -18.0637634277344 -17.8244502766927 -17.585137125651 -17.3458239746094 -17.2318391927083 -17.4938395182291 -17.75583984375 -18.0178401692708 -18.378251953125 -18.8370751953125 -19.2958984375 -19.7547216796875 -20.1039752197265 -20.4167055257161 -20.7294358317057 -21.0421661376953 -21.196841430664 -21.3515167236328 -21.5061920166015 -21.3905344645182 -20.4638783772786 -19.537222290039 -18.6105662027995 -18.1472381591797 -18.1472381591797 -9999 -9999 -9999 -9999 -9999 -9999 -9999 -19.7965606689453 -19.7965606689453 -19.7965606689453 -19.7965606689453 -9999 -9999 -9999 -9999 -9999 -9999 -9999 -9999 -9999 -9999 -9999 -9999 -9999 -9999 -9999 -17.1101745605469 -17.1101745605469 -16.9019820149739 -16.4855969238281 -16.0692118326823 -15.6528267415364 -15.2903796386719
-20.3422302246094 -20.1592061360677 -19.976182047526 -19.7575622558594 -19.5270772298177 -19.296592203776 -19.0661071777344 -18.7882100423177 -18.510312906901 -18.2324157714844 -18.0620259602864 -18.2141581217448 -18.3662902832031 -18.5184224446614 -18.7856791178385 -19.1680603027344 -19.5504414876302 -19.932822672526 -20.231167602539 -20.5015004475911 -20.7718332926432 -21.0421661376953 -21.196841430664 -21.3515167236328 -21.5061920166015 -21.3905344645182 -20.4638783772786 -19.537222290039 -18.6105662027995 -18.5161529541015 -19.2539825439453 -19.991812133789 -20.7296417236328 -21.1191345214844 -21.3925150553385 -21.6658955891927 -21.9392761230469 -21.3678853352864 -20.796494547526 -20.2251037597656 -20.0052958170573 -20.8402364095052 -21.6751770019531 -22.510117594401 -22.6652709960937 -22.1406372070312 -21.6160034179687 -21.0913696289062 -20.616958618164 -20.1592885335286 -19.7016184488932 -19.2439483642578 -19.001431274414 -18.7589141845703 -18.5163970947265 -18.2528869628906 -17.9263977050781 -17.5999084472656 -17.2734191894531 -17.1934875488281 -17.3601135253906 -17.5267395019531 -17.6933654785156 -17.2700866699219
