data/climate/sant/min_precip.asc
NCOLS 360 
NROWS 180 
XLLCORNER -180 
YLLCORNER -90 
CELLSIZE 1 
NODATA_value -9999 
[rows 28 to 55 of 180, columns 124 to 185 of 360]
0.964463499840349 1.06990518048406 1.17534686112776 1.28078854177147 1.33184661157429 1.38290468137711 1.43396275117993 1.45887250488158 1.40533731027972 1.35180211567786 1.29826692107599 1.27149932377506 1.27149932377506 -9999 -9999 -9999 -9999 1.30373470892664 1.30373470892664 1.27400948374998 1.24428425857332 1.21455903339665 1.19226511451416 1.19226511451416 -9999 -9999 1.10555279179243 1.10026375431335 1.09497471683426 1.08968567935517 1.16234534117393 1.26098790275864 1.35963046434335 1.45827302592807 1.53847427736036 1.61867552879266 1.69887678022496 1.78019326273352 1.86485543847084 1.94951761420816 2.03417978994548 1.87984197225887 1.48650416114833 1.09316635003779 0.69982853892725 0.902481368975714 1.30379774607718 1.70511412317865 2.10643050028011 2.07923782942817 2.05204515857622 2.02485248772427 1.95757185830735 1.77002735319547 1.5824828480836 1.39493834297173 1.34892060072161 1.44442962133326 1.5399386419449 1.63544766255654 1.55778167070821 1.42239067470655
1.12975074327551 1.17157285683788 1.21339497040026 1.25521708396263 1.31309420918114 1.37097133439966 1.42884845961817 1.45887250488158 1.40533731027972 1.35180211567786 1.29826692107599 -9999 -9999 -9999 -9999 -9999 -9999 -9999 1.30373470892664 1.27400948374998 1.24428425857332 1.21455903339665 -9999 -9999 -9999 -9999 1.11613086675061 1.13199797918787 1.14786509162514 1.1637322040624 1.24359368090518 1.3447866125498 1.44597954419442 1.54717247583903 1.58928050869144 1.63138854154386 1.67349657439627 1.74661591602489 1.91276918398216 2.07892245193943 2.2450757198967 2.095864257426 1.63128806452733 1.16671187162865 0.702135678729974 0.887401172658429 1.28928056219593 1.69115995173343 2.09303934127092 2.12912742421031 2.1652155071497 2.20130359008908 2.16648927354254 1.9189677585382 1.67144624353386 1.42392472852953 1.34640873293392 1.43889825674705 1.53138778056018 1.62387730437331 1.53542191721499 1.38665155973285
1.21239436499309 1.2224066950148 1.23241902503651 1.24243135505822 1.24243135505822 -9999 -9999 -9999 -9999 -9999 -9999 -9999 -9999 -9999 -9999 -9999 -9999 -9999 -9999 -9999 -9999 -9999 -9999 -9999 -9999 -9999 -9999 -9999 1.20736676326487 1.20736676326487 1.29742330871522 1.41749870264903 1.53757409658283 1.65764949051663 1.69298396492377 1.72831843933091 1.76365291373804 1.82281135115772 1.95344167761505 2.08407200407237 2.21470233052969 2.10057944990695 1.74170336220413 1.38282727450132 1.02395118679851 1.14381060842425 1.42324853315949 1.70268645789474 1.98212438262999 2.0780276376754 2.17393089272082 2.26983414776623 2.27536716777831 2.00978948269039 1.74421179760247 1.47863411251456 1.38116496289149 1.45180434873328 1.52244373457506 1.59308312041685 1.50016675866209 1.35273181437515
1.21239436499309 1.2224066950148 1.23241902503651 -9999 -9999 -9999 -9999 -9999 -9999 -9999 -9999 -9999 -9999 -9999 -9999 -9999 -9999 -9999 -9999 -9999 -9999 -9999 -9999 -9999 -9999 -9999 -9999 -9999 -9999 -9999 1.32383422460407 1.47912417305633 1.6344141215086 1.78970406996086 1.84958464605734 1.90946522215381 1.96934579825029 2.00877956813201 1.98687291936949 1.96496627060696 1.94305962184444 1.89398754970171 1.81775005417876 1.74151255865581 1.66527506313287 1.67170967627317 1.70570165896788 1.7396936416626 1.77368562435731 1.92593846982345 2.07819131528959 2.23044416075572 2.28420554101467 2.04249252565205 1.80077951028943 1.55906649492681 1.45318929059431 1.48314789729193 1.51310650398955 1.54306511068717 1.45201619504951 1.32063143863343
-9999 -9999 -9999 -9999 -9999 -9999 -9999 -9999 -9999 -9999 -9999 -9999 -9999 -9999 -9999 -9999 -9999 -9999 -9999 -9999 -9999 -9999 -9999 -9999 -9999 -9999 -9999 -9999 -9999 -9999 1.75413690973073 1.81001082295552 1.86588473618031 1.92175864940509 2.00618532719091 2.09061200497672 2.17503868276253 2.1947477851063 2.02030416112393 1.84586053714156 1.67141691315919 1.68739564949647 1.89379674615338 2.1001978428103 2.30659893946722 2.19960874412209 1.98815478477627 1.77670082543045 1.56524686608464 1.7738493019715 1.98245173785836 2.19105417374521 2.29304391425103 2.07519556861371 1.85734722297639 1.63949887733907 1.52521361829713 1.51449144585058 1.50376927340403 1.49304710095748 1.50155408831779 1.51647079561371
-9999 -9999 -9999 -9999 -9999 -9999 -9999 -9999 -9999 -9999 -9999 -9999 -9999 -9999 -9999 -9999 -9999 -9999 -9999 -9999 -9999 -9999 -9999 -9999 -9999 -9999 -9999 -9999 -9999 -9999 1.72061256179586 1.73178734444082 1.74296212708578 1.75413690973073 2.06787589564919 2.38161488156766 2.69535386748612 2.8185280028265 2.37000758643262 1.92148717003874 1.47296675364487 1.45779385347851 1.87596846953966 2.29414308560081 2.71231770166196 2.60578662296757 2.32435364602134 2.0429206690751 1.76148769212887 1.9421717855148 2.12285587890074 2.30353997228667 2.39852273091674 2.2364014852792 2.07428023964167 1.91215899400413 1.79163414565846 1.71270569460467 1.63377724355087 1.55484879249707 1.53735418582801 1.54033752728719
-9999 -9999 -9999 -9999 -9999 -9999 -9999 -9999 -9999 -9999 -9999 -9999 -9999 -9999 -9999 -9999 -9999 -9999 -9999 -9999 -9999 -9999 -9999 -9999 1.39002370415255 1.39002370415255 1.39002370415255 1.39002370415255 -9999 -9999 1.68708821386099 1.65356386592612 1.62003951799124 1.58651517005637 2.12956646410748 2.67261775815859 3.21566905220971 3.44230822054669 2.71971101174131 1.99711380293593 1.27451659413055 1.22819205746055 1.85814019292593 2.48808832839131 3.1180364638567 3.01196450181305 2.6605525072664 2.30914051271975 1.9577285181731 2.11049426905811 2.26326001994312 2.41602577082813 2.50400154758245 2.3976074019447 2.29121325630695 2.1848191106692 2.0580546730198 1.91091994335875 1.7637852136977 1.61665048403665 1.57315428333823 1.56420425896067
1.45931550418027 1.55947899562307 1.65964248706587 1.75980597850867 1.86623083543964 1.97265569237061 2.07908054930158 -9999 -9999 -9999 -9999 -9999 -9999 -9999 -9999 -9999 -9999 -9999 -9999 -9999 -9999 -9999 1.77005776274018 1.70020563877188 1.63035351480357 1.56050139083527 1.53643032512628 1.55814031767659 1.5798503102269 1.60156030277722 1.61352186952718 1.62223396101035 1.63094605249353 1.6396581439767 2.19950819690712 2.75935824983753 3.31920830276795 3.57491616904736 2.91819747537374 2.26147878170013 1.60476008802652 1.5430120783858 2.07623475277796 2.60945742717013 3.14268010156229 3.07331445068121 2.80308602470905 2.53285759873688 2.26262917276472 2.30594083014876 2.34925248753279 2.39256414491683 2.40183474356309 2.30898216599599 2.21612958842888 2.12327701086178 2.01356954080984 1.88700717827305 1.76044481573626 1.63388245319948 1.60224186256528 1.60224186256528
1.45931550418027 1.55947899562307 1.65964248706587 1.75980597850867 1.86623083543964 1.97265569237061 2.07908054930158 2.15889919199981 2.15889919199981 -9999 -9999 -9999 -9999 -9999 -9999 -9999 -9999 -9999 -9999 -9999 1.78752079373226 1.78752079373226 1.78813131269999 1.79057338857092 1.79301546444185 1.79545754031278 1.77138647460379 1.72080226731487 1.67021806002595 1.61963385273702 1.66830340703018 1.75005754851736 1.83181169000454 1.91356583149172 2.2777010940481 2.64183635660447 3.00597161916085 3.21635184832849 2.96546697732992 2.71458210633136 2.4636972353328 2.40225391625427 2.53025214909576 2.65825038193725 2.78624861477874 2.78983646957204 2.75195419834927 2.7140719271265 2.67618965590373 2.52851146878675 2.38083328166977 2.23315509455279 2.09202231885865 1.97052577743307 1.84902923600748 1.7275326945819 1.65817874902859 1.64096739934757 1.62375604966655 1.60654469998553 -9999 -9999
1.45931550418027 1.55947899562307 1.65964248706587 1.75980597850867 1.86623083543964 1.97265569237061 2.07908054930158 2.174450068851 2.23665357625578 2.29885708366055 2.36106059106532 -9999 -9999 -9999 -9999 -9999 -9999 -9999 2.29342748061754 2.15851903078146 2.02361058094539 1.88870213110931 1.8062048626598 1.88094113836996 1.95567741408013 2.03041368979029 2.0063426240813 1.88346421695314 1.76058580982499 1.63770740269683 1.72308494453318 1.87788113602437 2.03267732751556 2.18747351900674 2.35589399118908 2.52431446337141 2.69273493555374 2.85778752760962 3.0127364792861 3.16768543096259 3.32263438263908 3.26149575412273 2.98426954541355 2.70704333670437 2.42981712799519 2.50635848846287 2.70082237198949 2.89528625551611 3.08975013904274 2.75108210742474 2.41241407580674 2.07374604418874 1.78220989415422 1.63206938887015 1.48192888358608 1.33178837830201 1.25671812565997 1.25671812565997 -9999 -9999 -9999 -9999
1.65045703179203 1.82697127922438 2.00348552665673 2.17999977408908 2.22413575812243 2.26827174215578 2.31240772618912 2.34861988958437 2.36106059106532 2.37350129254628 2.38594199402723 -9999 -9999 -9999 -9999 -9999 -9999 -9999 2.29342748061754 2.26644579065032 2.23946410068311 2.21248241071589 2.21108238142915 2.28642733418383 2.3617722869385 2.43711723969318 2.420358462492 2.31149595533498 2.20263344817795 2.09377094102092 2.06468158797361 2.0621832862962 2.0596849846188 2.05718668294139 2.21525733196177 2.37332798098214 2.53139863000251 2.71071494976059 2.95376828173175 3.19682161370292 3.43987494567409 3.36766487918794 2.98019141424447 2.592717949301 2.20524448435754 2.2346195303835 2.40294408006594 2.57126862974837 2.73959317943081 2.49430033704266 2.24900749465451 2.00371465226635 1.78220989415422 1.63206938887015 1.48192888358608 1.33178837830201 1.25671812565997 1.25671812565997 -9999 -9999 -9999 -9999
1.84159855940379 2.09446356282569 2.3473285662476 2.6001935696695 2.58204068080522 2.56388779194094 2.54573490307666 2.52278971031774 2.48546760587487 2.44814550143201 2.41082339698914 -9999 -9999 -9999 -9999 -9999 -9999 -9999 2.29342748061754 2.37437255051918 2.45531762042083 2.53626269032247 2.6159599001985 2.69191352999769 2.76786715979688 2.84382078959607 2.83437430090271 2.73952769371681 2.64468108653091 2.54983447934501 2.40627823141403 2.24648543656804 2.08669264172204 1.92689984687604 2.07462067273445 2.22234149859287 2.37006232445128 2.56364237191156 2.8948000841774 3.22595779644325 3.5571155087091 3.47383400425315 2.97611328307539 2.47839256189764 1.98067184071988 1.96288057230413 2.10506578814238 2.24725100398064 2.38943621981889 2.23751856666058 2.08560091350228 1.93368326034397 1.78220989415422 1.63206938887015 1.48192888358608 1.33178837830201 -9999 -9999 -9999 -9999 -9999 -9999
2.03234135149978 2.25071169692092 2.46908204234205 2.68745238776319 2.6450531759765 2.60265396418981 2.56025475240313 2.5565129974857 2.66874361317605 2.7809742288664 2.89320484455675 2.78514997567981 2.4568096222356 2.12846926879138 1.80012891534716 1.86705494415946 2.06573643372394 2.26441792328842 2.4630994128529 2.61822818149813 2.77335695014335 2.92848571878858 3.0462020994164 3.05168131599203 3.05716053256765 3.06263974914327 3.03087977087125 2.96188059775159 2.89288142463192 2.82388225151226 2.66912817489356 2.48578913044184 2.30245008599013 2.11911104153842 2.19302905909717 2.26694707665592 2.34086509421468 2.47767190262675 2.80314508359879 3.12861826457083 3.45409144554287 3.37926709279418 2.90414520632476 2.42902331985533 1.95390143338591 1.91096831741743 2.01209812494926 2.1132279324811 2.21435774001293 2.21435774001293 -9999 -9999 -9999 -9999 -9999 -9999 -9999 -9999 -9999 -9999 -9999 -9999
2.22268540808 2.29571568151005 2.3687459549401 2.44177622837014 2.41317324363627 2.38457025890239 2.35596727416851 2.37550204340369 2.53945007454604 2.70339810568839 2.86734613683075 2.78514997567981 2.4568096222356 2.12846926879138 1.80012891534716 1.86705494415946 2.06573643372394 2.26441792328842 2.4630994128529 2.74916051630862 3.03522161976434 3.32128272322007 3.50180897908285 3.36573069216684 3.22965240525082 3.0935741183348 3.00987487239763 2.97855466743931 2.94723446248099 2.91591425752267 2.85323141841218 2.78009436791763 2.70695731742308 2.63382026692852 2.57048249104992 2.50714471517131 2.4438069392927 2.45280354190618 2.67880327999592 2.90480301808566 3.1308027561754 3.08396414481103 2.76428718399256 2.4446102231741 2.12493326235563 2.07888276572339 2.12404109048657 2.16919941524975 -9999 -9999 -9999 -9999 -9999 -9999 2.20184334903024 2.20184334903024 2.20184334903024 2.20184334903024 -9999 -9999 -9999 -9999
2.41302946466021 2.34071966609918 2.26840986753814 2.1961000689771 2.18129331129603 2.16648655361496 2.15167979593389 2.19449108932167 2.41015653591603 2.62582198251039 2.84148742910475 2.78514997567981 2.4568096222356 2.12846926879138 1.80012891534716 1.86705494415946 2.06573643372394 2.26441792328842 2.4630994128529 2.88009285111912 3.29708628938533 3.71407972765155 3.9574158587493 3.67978006834164 3.40214427793398 3.12450848752633 2.98886997392401 2.99522873712704 3.00158750033006 3.00794626353309 3.0373346619308 3.07439960539341 3.11146454885602 3.14852949231863 3.09814381878823 3.04775814525783 2.99737247172743 -9999 -9999 2.87077721441165 2.87077721441165 2.78866119682789 2.62442916166037 2.46019712649286 2.29596509132534 2.25490708253346 2.25490708253346 -9999 -9999 -9999 -9999 -9999 2.96594147686847 2.74762772605754 2.52931397524662 2.3110002244357 2.16865629306994 2.10228218114935 2.03590806922875 1.96953395730816 -9999 -9999
2.17538585071452 2.17928138212301 2.1831769135315 2.18707244493999 2.18490160745569 2.18273076997139 2.18055993248709 2.21259261388332 2.34723585192114 2.48187908995897 2.61652232799679 2.61958870477974 2.49107822030783 2.36256773583591 2.23405725136399 2.34149545314722 2.52758321701549 2.71367098088376 2.89975874475203 3.09321351419203 3.28666828363203 3.48012305307202 3.60059194592759 3.50210320902988 3.40361447213218 3.30512573523447 3.24139456311241 3.21242095576599 3.18344734841958 3.15447374107316 3.11725876573473 3.0772966677323 3.03733456972986 2.99737247172743 2.98729533702135 2.97721820231527 2.96714106760919 -9999 -9999 2.87077721441165 2.87077721441165 2.78866119682789 2.62442916166037 2.46019712649286 2.29596509132534 2.25490708253346 2.25490708253346 -9999 -9999 -9999 -9999 -9999 2.95266665448435 2.68125361413695 2.40984057378955 2.13842753344215 1.9960836020764 1.98280877969228 1.96953395730816 1.95625913492404 -9999 -9999
1.93774223676883 2.01784309814684 2.09794395952486 2.17804482090287 2.18850990361534 2.19897498632781 2.20944006904028 2.23069413844496 2.28431516792625 2.33793619740754 2.39155722688884 2.45402743387967 2.52534681838006 2.59666620288044 2.66798558738083 2.81593596213497 2.98943000030704 3.1629240384791 3.33641807665117 3.30633417726494 3.27625027787872 3.24616637849249 3.24376803310588 3.32442634971812 3.40508466633037 3.48574298294261 3.4939191523008 3.42961317440495 3.36530719650909 3.30100121861324 3.19718286953866 3.08019373007119 2.96320459060371 2.84621545113623 2.87644685525447 2.90667825937271 2.93690966349095 -9999 -9999 -9999 -9999 2.78866119682789 2.62442916166037 2.46019712649286 2.29596509132534 -9999 -9999 -9999 -9999 -9999 3.0205199145712 3.0205199145712 2.93939183210023 2.61487950221635 2.29036717233248 1.96585484244861 1.82351091108285 1.86333537823521 1.90315984538756 1.94298431253992 -9999 -9999
1.81135956756771 1.90078543871641 1.99021130986512 2.07963718101382 2.12665159441531 2.17366600781679 2.22068042121828 2.25135454069823 2.23300777841359 2.21466101612896 2.19631425384432 2.26806680671871 2.42991867475212 2.59177054278553 2.75362241081893 2.8850327571854 3.00629592966288 3.12755910214037 3.24882227461785 3.21605649311095 3.18329071160406 3.15052493009716 3.14496511523612 3.22102320031263 3.29708128538914 3.37313937046565 3.40351554681547 3.3882098144386 3.37290408206172 3.35759834968485 3.26324555184692 3.14254373218864 3.02184191253036 2.90114009287208 2.95334135368466 3.00554261449724 3.05774387530982 -9999 -9999 -9999 -9999 -9999 -9999 -9999 -9999 -9999 -9999 -9999 -9999 -9999 3.0205199145712 3.0205199145712 2.94861767766997 2.66100873006508 2.37339978246018 2.08579083485529 1.98957613133825 2.08475567190908 2.1799352124799 2.27511475305073 -9999 -9999
1.79623784311116 1.82810840383172 1.85997896455228 1.89184952527285 1.99932667985559 2.10680383443832 2.21428098902106 2.27457382064313 2.19331368338317 2.11205354612321 2.03079340886325 2.06170682329684 2.204793789424 2.34788075555116 2.49096772167832 2.5487858382985 2.57818100508302 2.60757617186755 2.63697133865207 2.82238046173006 3.00778958480805 3.19319870788604 3.30418319231831 3.1918937608134 3.07960432930849 2.96731489780359 2.9701837466564 3.08821087586693 3.20623800507747 3.324265134288 3.3154468126595 3.26434667408466 3.21324653550982 3.16214639693499 3.14474597666413 3.12734555639327 3.10994513612241 -9999 -9999 -9999 -9999 -9999 -9999 -9999 -9999 -9999 -9999 -9999 -9999 -9999 -9999 -9999 2.98034419119358 2.81964129768312 2.65893840417266 2.4982355106622 2.40202080714516 2.37029429362155 2.33856778009795 2.30684126657434 -9999 -9999
1.78111611865461 1.75543136894703 1.72974661923945 1.70406186953187 1.87200176529586 2.03994166105986 2.20788155682385 2.29779310058802 2.15361958835274 2.00944607611746 1.86527256388217 1.85534683987498 1.97966890409589 2.10399096831679 2.2283130325377 2.2125389194116 2.15006608050317 2.08759324159473 2.0251204026863 2.42870443034917 2.83228845801204 3.23587248567492 3.46340126940049 3.16276432131417 2.86212737322785 2.56149042514153 2.41117195109837 2.41117195109837 -9999 -9999 -9999 -9999 3.42315270099789 3.42315270099789 3.42315270099789 -9999 -9999 -9999 -9999 -9999 -9999 -9999 -9999 -9999 -9999 -9999 -9999 -9999 -9999 -9999 -9999 -9999 -9999 -9999 2.89378176676109 2.89378176676109 2.89378176676109 2.89378176676109 -9999 -9999 -9999 -9999
1.69897032855079 1.71047075232491 1.72197117609903 1.73347159987316 1.8776962752454 2.02192095061764 2.16614562598988 2.26128795929253 2.20918326638639 2.15707857348025 2.10497388057411 2.14930263161659 2.2900648266077 2.43082702159882 2.57158921658993 2.50206878129393 2.36245413590223 2.22283949051052 2.08322484511882 2.47131435479969 2.85940386448056 3.24749337416142 3.46340126940049 3.16276432131417 2.86212737322785 2.56149042514153 2.41117195109837 2.41117195109837 -9999 -9999 -9999 -9999 3.42315270099789 3.42315270099789 3.42315270099789 -9999 -9999 -9999 -9999 -9999 -9999 -9999 -9999 -9999 -9999 -9999 -9999 -9999 -9999 -9999 -9999 -9999 -9999 -9999 2.89378176676109 2.89378176676109 2.89378176676109 2.89378176676109 -9999 -9999 -9999 -9999
1.61682453844696 1.66551013570279 1.71419573295861 1.76288133021444 1.88339078519493 2.00390024017543 2.12440969515592 2.22478281799704 2.26474694442004 2.30471107084304 2.34467519726604 2.4432584233582 2.60046074911952 2.75766307488084 2.91486540064216 2.79159864317626 2.57484219130129 2.35808573942631 2.14132928755134 2.5139242792502 2.88651927094907 3.25911426264793 3.46340126940049 3.16276432131417 2.86212737322785 2.56149042514153 -9999 -9999 -9999 -9999 -9999 -9999 -9999 -9999 -9999 -9999 -9999 -9999 -9999 -9999 -9999 -9999 -9999 -9999 -9999 -9999 -9999 -9999 -9999 -9999 -9999 -9999 -9999 -9999 -9999 -9999 -9999 -9999 -9999 -9999 -9999 -9999
1.59732988080941 1.6661420117598 1.73495414271019 1.80376627366059 1.88640825985931 1.96905024605803 2.05169223225676 2.14443291770294 2.26746970089152 2.39050648408011 2.51354326726869 2.6238258741796 2.72135430481285 2.8188827354461 2.91641116607934 2.78671092074364 2.5812677834183 2.37582464609295 2.1703815087676 2.1703815087676 -9999 -9999 -9999 -9999 -9999 -9999 -9999 -9999 -9999 -9999 -9999 -9999 -9999 -9999 -9999 -9999 -9999 -9999 -9999 -9999 -9999 -9999 -9999 -9999 -9999 -9999 -9999 -9999 -9999 -9999 -9999 -9999 -9999 -9999 -9999 -9999 -9999 -9999 -9999 -9999 -9999 -9999
1.64048635563813 1.71236638049595 1.78424640535377 1.85612643021159 1.88674869923852 1.91737096826546 1.94799323729239 2.02023825841025 2.21735153580084 2.41446481319144 2.61157809058204 2.69100498408079 2.65274549368769 2.61448600329459 2.57622651290148 2.48740561399609 2.38173091225326 2.27605621051043 -9999 -9999 -9999 -9999 -9999 -9999 -9999 -9999 -9999 -9999 -9999 -9999 -9999 -9999 -9999 -9999 -9999 -9999 -9999 -9999 -9999 -9999 -9999 -9999 -9999 -9999 -9999 -9999 -9999 -9999 -9999 -9999 -9999 -9999 -9999 -9999 -9999 -9999 -9999 -9999 -9999 -9999 -9999 -9999
1.68364283046685 1.7585907492321 1.83353866799735 1.90848658676259 1.88708913861774 1.86569169047289 1.84429424232803 1.89604359911755 2.16723337071016 2.43842314230278 2.7096129138954 2.75818409398198 2.58413668256253 2.41008927114308 2.23604185972363 2.19253000686876 2.19253000686876 -9999 -9999 -9999 -9999 -9999 -9999 -9999 -9999 -9999 -9999 -9999 -9999 -9999 -9999 -9999 -9999 -9999 -9999 -9999 -9999 -9999 -9999 -9999 -9999 -9999 -9999 -9999 -9999 -9999 -9999 -9999 -9999 -9999 -9999 -9999 -9999 -9999 -9999 -9999 -9999 -9999 -9999 -9999 -9999 -9999
1.79035995178856 1.94556709122844 2.10077423066832 2.2559813701082 2.1658680906985 2.07575481128879 1.98564153187908 1.97986665414646 2.2271069814451 2.47434730874375 2.72158763604239 2.75818409398198 2.58413668256253 2.41008927114308 2.23604185972363 2.19253000686876 2.19253000686876 -9999 -9999 -9999 -9999 -9999 -9999 -9999 -9999 -9999 -9999 -9999 -9999 -9999 -9999 -9999 -9999 -9999 -9999 -9999 -9999 -9999 -9999 -9999 -9999 -9999 -9999 -9999 -9999 -9999 -9999 -9999 -9999 -9999 -9999 -9999 -9999 -9999 -9999 -9999 -9999 -9999 -9999 -9999 -9999 -9999
1.89707707311027 2.13254343322478 2.3680097933393 2.60347615345381 2.44464704277925 2.28581793210469 2.12698882143013 2.06368970917538 2.28698059218004 2.51027147518471 2.73356235818937 2.75818409398198 2.58413668256253 2.41008927114308 2.23604185972363 -9999 -9999 -9999 -9999 -9999 -9999 -9999 -9999 -9999 -9999 -9999 -9999 -9999 -9999 -9999 -9999 -9999 -9999 -9999 -9999 -9999 -9999 -9999 -9999 -9999 -9999 -9999 -9999 -9999 -9999 -9999 -9999 -9999 -9999 -9999 -9999 -9999 -9999 -9999 -9999 -9999 -9999 -9999 -9999 -9999 -9999 -9999
1.86538426321931 2.11915765539743 2.37293104757555 2.62670443975367 2.47365584154613 2.3206072433386 2.16755864513107 2.05277219647542 2.05277219647542 -9999 -9999 -9999 -9999 -9999 -9999 -9999 -9999 -9999 -9999 -9999 -9999 -9999 -9999 -9999 -9999 -9999 -9999 -9999 -9999 -9999 -9999 -9999 -9999 -9999 -9999 -9999 -9999 -9999 -9999 -9999 -9999 -9999 -9999 -9999 -9999 -9999 -9999 -9999 -9999 -9999 -9999 -9999 1.77486186206806 1.46928635949735 1.16371085692663 0.858135354355909 -9999 -9999 -9999 -9999 -9999 -9999
