data/climate/sant/min_precip.asc
NCOLS 360 
NROWS 180 
XLLCORNER -180 
YLLCORNER -90 
CELLSIZE 1 
NODATA_value -9999 
[rows 28 to 55 of 180, columns 186 to 247 of 360]
1.28699967870489 1.15160868270323 1.14744216017425 1.14327563764527 1.1391091151163 -9999 -9999 -9999 -9999 -9999 -9999 -9999 -9999 1.10711297253147 1.25657198717818 1.40603100182489 -9999 -9999 -9999 -9999 -9999 -9999 -9999 -9999 -9999 -9999 -9999 -9999 -9999 -9999 -9999 -9999 -9999 -9999 -9999 -9999 -9999 -9999 -9999 1.32544861582574 1.37053007434588 1.41561153286602 1.46069299138617 1.41680300468579 1.34325586957857 1.26970873447135 -9999 -9999 -9999 -9999 -9999 -9999 -9999 -9999 -9999 -9999 -9999 -9999 0.687598365708254 0.690988084883429 0.694377804058604 0.697767523233779
1.23788120225072 1.08911084476858 1.10161041235551 1.11410997994244 1.12660954752937 -9999 -9999 -9999 -9999 -9999 -9999 0.995018711546436 0.995018711546436 1.10711297253147 1.25657198717818 1.40603100182489 1.55549001647159 1.55549001647159 -9999 -9999 -9999 -9999 -9999 -9999 -9999 -9999 -9999 -9999 -9999 -9999 -9999 -9999 -9999 -9999 -9999 -9999 -9999 1.30290788656566 1.30290788656566 1.32544861582574 1.37053007434588 1.41561153286602 1.46069299138617 1.41680300468579 1.34325586957857 1.26970873447135 1.19616159936413 1.19616159936413 -9999 -9999 -9999 -9999 -9999 -9999 -9999 -9999 -9999 -9999 0.67742920818273 0.667260050657205 0.657090893131681 0.646921735606156
1.2052968700882 1.05786192580126 1.05786192580126 -9999 -9999 -9999 -9999 -9999 -9999 1.11641423008405 1.20902503165416 1.30163583322428 1.3942466347944 1.44590339250863 1.48390880227089 1.52191421203315 1.55991962179542 1.60737543459982 1.65483124740422 1.70228706020862 1.70611327223014 1.57905068190303 1.45198809157591 1.3249255012488 -9999 -9999 -9999 -9999 -9999 -9999 -9999 -9999 -9999 -9999 -9999 1.09722224716097 1.1524672829546 1.20771231874824 1.26295735454187 1.36684758472256 1.51938300929032 1.67191843385808 1.82445385842584 1.72930249152705 1.55158886080608 1.3738752300851 1.19616159936413 1.19616159936413 -9999 -9999 -9999 -9999 -9999 -9999 -9999 -9999 -9999 -9999 0.514221002580598 0.533726064255461 0.553231125930324 0.572736187605187
1.18924668221734 -9999 -9999 -9999 -9999 -9999 -9999 1.07010882929899 1.07010882929899 1.22904906305484 1.54692953056656 1.86480999807827 2.18269046558999 2.12348423246294 1.93858243245631 1.75368063244969 1.56877883244306 1.61387218907475 1.65896554570645 1.70405890233815 1.70611327223014 1.57905068190303 1.45198809157591 1.3249255012488 1.26139420608524 1.26139420608524 -9999 -9999 -9999 -9999 -9999 -9999 -9999 1.08341098821256 1.08341098821256 1.09557851194404 1.14424860686995 1.19291870179586 1.24158879672177 1.44964552251622 1.81708887917921 2.1845322358422 2.55197559250519 2.35430146520957 1.96825484326109 1.58220822131261 -9999 -9999 -9999 -9999 -9999 -9999 -9999 -9999 -9999 -9999 -9999 -9999 0.494715940905735 0.488214253680781 0.481712566455826 0.475210879230872
1.53138750290964 -9999 -9999 -9999 -9999 2.38599852891639 2.01003004331142 1.63406155770645 1.25809307210147 1.34168389602564 1.88483402947895 2.42798416293226 2.97113429638557 2.80106507241726 2.39325606264174 1.98544705286622 1.5776380430907 1.62036894354969 1.66309984400868 1.70583074446768 1.70611327223014 1.57905068190303 1.45198809157591 1.3249255012488 1.26139420608524 1.26139420608524 -9999 -9999 -9999 -9999 -9999 1.19667166436557 1.16646881739143 1.1362659704173 1.10606312344316 1.09393477672711 1.1360299307853 1.17812508484349 1.22022023890167 1.53244346030988 2.1147947490681 2.69714603782631 3.27949732658453 2.97477477695793 2.37436094786972 1.77394711878151 -9999 -9999 -9999 -9999 -9999 -9999 -9999 -9999 -9999 -9999 -9999 -9999 -9999 -9999 0.377685570856556 0.377685570856556
1.54332086874638 -9999 -9999 -9999 -9999 2.46119222603738 2.38599852891639 2.31080483179539 2.2356111346744 2.24150084448047 2.3284739612136 2.41544707794674 2.50242019467987 2.33334738202393 2.0789259262383 1.82450447045267 1.57008301466703 1.65811277087778 1.74614252708852 1.83417228329927 1.85760790749919 1.68726113566663 1.51691436383408 1.34656759200152 1.26139420608524 1.26139420608524 -9999 -9999 -9999 -9999 -9999 1.19667166436557 1.18601597717497 1.17536028998438 1.16470460279379 1.18376814667135 1.29198938375339 1.40021062083542 1.50843185791746 1.72498130821623 2.04985897173174 2.37473663524725 2.69961429876275 2.45937362965196 2.03076018299907 1.60214673634619 -9999 -9999 -9999 -9999 -9999 -9999 -9999 -9999 -9999 -9999 -9999 -9999 -9999 -9999 0.377685570856556 0.377685570856556
1.55525423458312 -9999 -9999 -9999 -9999 2.53638592315838 2.76196701452136 2.98754810588434 3.21312919724733 3.1413177929353 2.77211389294825 2.40290999296121 2.03370609297417 1.8656296916306 1.76459578983486 1.66356188803911 1.56252798624337 1.69585659820586 1.82918521016836 1.96251382213086 2.00910254276823 1.79547158943024 1.58184063609224 1.36820968275424 -9999 -9999 -9999 -9999 -9999 -9999 1.19667166436557 1.19667166436557 1.20556313695852 1.21445460955147 1.22334608214442 1.2736015166156 1.44794883672148 1.62229615682736 1.79664347693324 1.91751915612258 1.98492319439538 2.05232723266818 2.11973127094097 1.943972482346 1.68715941812843 1.43034635391086 1.1735332896933 1.1735332896933 -9999 -9999 -9999 -9999 -9999 -9999 -9999 -9999 -9999 -9999 -9999 -9999 -9999 0.377685570856556
-9999 -9999 -9999 -9999 -9999 3.90363084361888 3.78783192601986 3.67203300842084 3.55623409082182 3.2518934730906 2.7590111552272 2.26612883736379 1.77324651950039 1.65524110989645 1.66219466971233 1.66914822952822 1.6761017893441 1.77640356542543 1.87670534150675 1.97700711758807 2.01439732918516 1.86305284732953 1.7117083654739 1.56036388361827 1.48695595096797 1.491484567523 1.49601318407804 1.50054180063307 1.45025595766492 1.38169862818904 1.31314129871316 1.24458396923728 1.2779320331756 1.31128009711392 1.34462816105224 1.40693729300983 1.55612962902524 1.70532196504064 1.85451430105604 1.93837290373631 1.95689777308144 1.97542264242657 1.99394751177169 1.81855067785364 1.57851327618118 1.33847587450873 1.09843847283628 1.06840054609347 1.03836261935066 1.00832469260786 -9999 -9999 -9999 -9999 -9999 -9999 -9999 -9999 -9999 -9999 -9999 0.184921857180598
-9999 -9999 -9999 3.93258057301864 3.93258057301864 3.85142579837702 3.52680669981055 3.20218760124408 2.8775685026776 2.57322788494639 2.28916574805044 2.00510361115448 1.72104147425853 1.70218163682148 1.77172256587073 1.84126349491999 1.91080442396924 1.89975367253646 1.88870292110369 1.87765216967091 1.8437192752026 1.7411399516277 1.6385606280528 1.5359813044779 1.48695595096797 1.491484567523 1.49601318407804 1.50054180063307 1.46942087961361 1.42641677940264 1.38341267919168 1.34040857898071 1.40312266582623 1.46583675267175 1.52855083951727 1.58377547585405 1.61653176066466 1.64928804547526 1.68204433028586 1.78754255105741 1.96578270778991 2.14402286452241 2.32226302125491 2.08310821617488 1.70482175715733 1.32653529813979 0.948248839122243 0.958261481369846 0.968274123617448 0.97828676586505 -9999 -9999 -9999 -9999 -9999 -9999 -9999 -9999 -9999 -9999 -9999 0.184921857180598
-9999 1.55415006447583 2.18839820008725 2.82264633569866 3.45689447131008 3.79922075313516 3.26578147360124 2.73234219406731 2.19890291453339 1.93809755612165 1.94992611883208 1.96175468154252 1.97358324425295 -9999 -9999 2.14550705859438 2.14550705859438 2.0231037796475 1.90070050070062 1.77829722175375 1.67304122122005 1.61922705592588 1.56541289063171 1.51159872533754 1.48695595096797 1.491484567523 1.49601318407804 1.50054180063307 1.48858580156229 1.47113493061624 1.45368405967019 1.43623318872415 1.52831329847686 1.62039340822957 1.71247351798229 1.76061365869828 1.67693389230408 1.59325412590988 1.50957435951568 1.63671219837852 1.97466764249839 2.31262308661826 2.65057853073813 2.34766575449612 1.83113023813348 1.31459472177085 0.798059205408208 0.795408344711177 0.792757484014146 0.790106623317115 -9999 -9999 -9999 -9999 -9999 -9999 -9999 -9999 -9999 -9999 -9999 0.0722999066056218
-9999 1.55415006447583 2.09013661276549 2.62612316105515 3.1621097093448 3.45767091005109 3.03195606800728 2.60624122596346 2.18052638391964 1.96885181916878 1.97121753171086 1.97358324425295 1.97594895679504 -9999 -9999 2.14550705859438 2.14550705859438 2.0231037796475 1.90070050070062 1.77829722175375 1.67210111953318 1.61452654749155 1.55695197544992 1.49937740340829 1.4795953114517 1.49760569958016 1.51561608770862 1.53362647583708 1.53956193826161 1.5414724254515 1.54338291264139 1.54529339983128 1.6052208810579 1.66514836228453 1.72507584351115 1.759980376577 1.71981606516056 1.67965175374411 1.63948744232766 1.7134120145347 1.90142547036521 2.08943892619573 2.27745238202624 2.06149215961341 1.71087404445279 1.36025592929218 1.00963781413157 0.950565991108306 0.891494168085046 0.832422345061786 -9999 -9999 -9999 -9999 -9999 -9999 -9999 -9999 -9999 -9999 -9999 0.0722999066056218
1.55415006447583 1.55415006447583 1.99187502544373 2.42959998641163 2.86732494737953 3.11612106696703 2.79813066241331 2.4801402578596 2.16214985330589 1.99960608221591 1.99250894458964 1.98541180696338 1.97831466933712 -9999 -9999 -9999 2.14550705859438 2.0231037796475 1.90070050070062 1.77829722175375 1.67116101784632 1.60982603905722 1.54849106026813 1.48715608147904 1.47223467193544 1.50372683163732 1.53521899133921 1.56671115104109 1.59053807496093 1.61180992028676 1.63308176561259 1.65435361093841 1.68212846363895 1.70990331633948 1.73767816904001 1.75934709445573 1.76269823801704 1.76604938157834 1.76940052513964 1.79011183069088 1.82818329823203 1.86625476577319 1.90432623331435 1.7753185647307 1.59061785077211 1.40591713681351 1.22121642285492 1.10572363750543 0.990230852155946 0.874738066806458 0.788118477794342 0.788118477794342 -9999 -9999 -9999 -9999 -9999 -9999 -9999 -9999 0.0722999066056218 0.0722999066056218
1.55415006447583 1.55415006447583 1.94274423178285 2.33133839908987 2.71993256639689 2.94892964791507 2.6991354720667 2.44934129621834 2.19954712036997 2.08540053991601 2.10690155485645 2.12840256979689 2.14990358473733 -9999 -9999 -9999 -9999 -9999 -9999 -9999 1.5519270664081 1.54641905799508 1.54091104958206 1.53540304116905 1.54617109196261 1.57321520196274 1.60025931196287 1.62730342196301 1.65689080045559 1.68732593511231 1.71776106976904 1.74819620442577 1.74917225190438 1.750148299383 1.75112434686162 1.75831992155872 1.7841740779113 1.81002823426388 1.83588239061646 1.82816007197835 1.78686127834953 1.74556248472072 1.70426369109191 1.63147820695303 1.5481971593108 1.46491611166857 1.38163506402634 1.214817117434 1.04799917084165 0.881181224249303 0.752862692956114 0.740042407560395 0.727222122164676 0.714401836768957 -9999 -9999 -9999 -9999 0.0583839341452403 0.0609141109562188 0.0634442877671972 0.0659744645781757
-9999 1.55415006447583 1.94274423178285 2.33133839908987 2.71993256639689 2.95609665289521 2.73497049696743 2.51384434103966 2.29271818511188 2.17857160465792 2.17140459967777 2.16423759469762 2.15707058971748 -9999 -9999 -9999 -9999 -9999 1.55330406851135 1.55330406851135 1.5630218940787 1.6018931963481 1.6407644986175 1.6796358008869 1.7014045715332 1.70607081055641 1.71073704957962 1.71540328860283 1.73862011474557 1.76802046992816 1.79742082511075 1.82682118029334 1.80635224585421 1.78588331141509 1.76541437697597 1.75689885788597 1.78424358484335 1.81158831180073 1.83893303875811 1.82755673839711 1.77745941071771 1.72736208303832 1.67726475535892 1.62997108628042 1.58361197006889 1.53725285385735 1.49089373764582 1.27784643089399 1.06479912414216 0.851751817390323 0.693034694442758 0.697308122907998 0.701581551373238 0.705854979838477 -9999 -9999 -9999 -9999 0.0558537573342619 0.0550103650639358 0.0541669727936096 0.0533235805232835
-9999 -9999 -9999 -9999 -9999 -9999 -9999 2.28966018185019 2.28966018185019 2.28966018185019 2.28966018185019 -9999 -9999 -9999 -9999 -9999 1.45244337036274 1.47933955653571 1.50623574270867 1.53313192888163 1.57411672174931 1.65736733470112 1.74061794765294 1.82386856060475 1.8566380511038 1.83892641915008 1.82121478719637 1.80350315524265 1.82034942903556 1.84871500474401 1.87708058045246 1.90544615616091 1.86353223980404 1.82161832344718 1.77970440709032 1.75547779421322 1.7843130917754 1.81314838933758 1.84198368689977 1.82695340481587 1.76805754308589 1.70916168135591 1.65026581962593 1.62846396560781 1.61902678082697 1.60958959604613 1.6001524112653 1.34087574435398 1.08159907744266 0.822322410531342 0.622310377657413 0.600092246895656 0.577874116133898 0.555655985372141 -9999 -9999 -9999 -9999 0.0546790865155344 0.0500102898331534 0.0453414931507723 0.0406726964683912
-9999 -9999 -9999 -9999 -9999 -9999 -9999 2.28966018185019 2.28966018185019 2.28966018185019 2.28966018185019 -9999 -9999 -9999 -9999 -9999 1.45244337036274 1.53046344942413 1.60848352848552 1.68650360754691 1.76442832779139 1.84206697158515 1.91970561537892 1.99734425917268 2.03527405997738 2.03349501779303 2.03171597560868 2.02993693342432 2.02936993329786 2.02920694719069 2.02904396108352 2.02888097497635 1.98431016295217 1.93973935092799 1.89516853890382 1.85933465394191 1.84971155016683 1.84008844639175 1.83046534261666 1.80871503730305 1.7748375304509 1.74096002359875 1.7070825167466 1.65443906234577 1.59554029209539 1.53664152184501 1.47774275159463 1.23333415598609 0.988925560377538 0.744516964768991 0.560099611524493 0.555655985372141 0.55121235921979 0.546768733067438 -9999 -9999 -9999 -9999 0.0632128415491024 0.0699223849114787 0.076631928273855 0.0833414716362313
-9999 -9999 -9999 -9999 -9999 -9999 -9999 -9999 -9999 -9999 -9999 -9999 -9999 -9999 -9999 1.45244337036274 1.45244337036274 1.58158734231256 1.71073131426238 1.83987528621219 1.95473993383348 2.02676660846919 2.0987932831049 2.1708199577406 2.21391006885096 2.22806361643597 2.24221716402099 2.256370711606 2.23839043756016 2.20969888963737 2.18100734171458 2.15231579379179 2.1050880861003 2.0578603784088 2.01063267071731 1.96319151367061 1.91511000855826 1.86702850344591 1.81894699833356 1.79047666979022 1.7816175178159 1.77275836584158 1.76389921386726 1.68041415908374 1.57205380336381 1.46369344764389 1.35533309192397 1.12579256761819 0.896252043312415 0.66671151900664 0.497888845391572 0.511219723848626 0.524550602305681 0.537881480762735 -9999 -9999 0.0581806840273202 0.0581806840273202 0.0717465965826705 0.0898344799898041 0.107922363396938 0.126010246804071
-9999 -9999 -9999 -9999 -9999 -9999 -9999 -9999 -9999 -9999 -9999 -9999 -9999 1.51434161514044 1.50308738881722 1.491833162494 1.48057893617079 1.61879272246733 1.75700650876388 1.89522029506043 2.01936825877056 2.10131875472143 2.18326925067231 2.26521974662319 2.32127004442737 2.35142014408484 2.38157024374232 2.41172034339979 2.38032284891233 2.32840948970988 2.27649613050744 2.22458277130499 2.17321339761838 2.12184402393177 2.07047465024516 2.01511994353496 1.94780923775397 1.88049853197299 1.81318782619201 1.78135748603381 1.78500751149841 1.788657536963 1.7923075624276 1.69340170745272 1.56031055899803 1.42721941054333 1.29412826208863 1.07202177343424 0.849915284779854 0.627808796125464 0.461228929634672 0.461228929634672 -9999 -9999 0.0663253142156464 0.0649088567915896 0.0634923993675329 0.0620759419434762 0.0777011272148229 0.0990068600513041 0.120312592887785 0.141618325724266
-9999 -9999 -9999 -9999 -9999 -9999 -9999 -9999 -9999 -9999 -9999 -9999 -9999 1.52559584146366 1.52934725023806 1.53309865901247 1.53685006778687 1.64207958988845 1.74730911199003 1.85253863409162 1.95831330260262 2.06572341034189 2.17313351808116 2.28054362582043 2.35735398670658 2.40356460073963 2.44977521477267 2.49598582880571 2.45516716735438 2.38533874740824 2.31551032746211 2.24568190751597 2.18868609750643 2.13169028749689 2.07469447748736 2.01511994353496 1.94780923775397 1.88049853197299 1.81318782619201 1.78135748603381 1.78500751149841 1.788657536963 1.7923075624276 1.69340170745272 1.56031055899803 1.42721941054333 1.29412826208863 1.07202177343424 0.849915284779854 0.627808796125464 -9999 -9999 -9999 -9999 0.0672696191650175 0.0677417716397031 0.0682139241143886 0.0686860765890742 0.0810764334455598 0.0974395250959788 0.113802616746398 0.130165708396817
-9999 2.7993263094686 2.58539805421606 2.37146979896352 2.15754154371098 -9999 -9999 -9999 -9999 -9999 -9999 -9999 -9999 -9999 -9999 1.59312119940296 1.59312119940296 1.66536645730957 1.73761171521619 1.80985697312281 1.89725834643468 2.03012806596234 2.16299778549001 2.29586750501767 2.3934379289858 2.45570905739442 2.51798018580303 2.58025131421164 2.53001148579642 2.4422680051066 2.35452452441677 2.26678104372695 2.26678104372695 -9999 -9999 -9999 -9999 -9999 -9999 -9999 -9999 -9999 -9999 -9999 -9999 -9999 -9999 -9999 -9999 -9999 -9999 -9999 -9999 -9999 0.0844984642026247 0.0818485988565953 0.0791987335105659 0.0765488681645365 0.0844517396762967 0.0958721901406534 0.10729264060501 0.118713091069367
-9999 2.7993263094686 2.58539805421606 2.37146979896352 2.15754154371098 -9999 -9999 -9999 -9999 -9999 -9999 -9999 -9999 -9999 -9999 1.59312119940296 1.59312119940296 1.69378335541114 1.79444551141933 1.89510766742751 1.98919784976169 2.06357211107388 2.13794637238607 2.21232063369825 2.28017599554732 2.34151245793328 2.40284892031923 2.46418538270518 2.43697180738673 2.38024155283347 2.32351129828021 2.26678104372695 2.26678104372695 -9999 -9999 -9999 -9999 -9999 -9999 -9999 -9999 -9999 -9999 -9999 -9999 -9999 -9999 -9999 -9999 -9999 -9999 -9999 -9999 -9999 0.0873544007336022 0.0904164084495278 0.0934784161654534 0.096540423881379 0.0974395442171954 0.0976177020929754 0.0977958599687554 0.0979740178445354
2.7993263094686 2.7993263094686 2.58539805421606 2.37146979896352 2.15754154371098 1.99709535227157 1.99709535227157 -9999 -9999 -9999 -9999 -9999 -9999 -9999 -9999 -9999 1.59312119940296 1.72220025351271 1.85127930762246 1.98035836173221 2.08113735308871 2.09701615618542 2.11289495928213 2.12877376237884 2.16691406210884 2.22731585847214 2.28771765483543 2.34811945119873 2.34393212897703 2.31821510056034 2.29249807214364 -9999 -9999 -9999 -9999 -9999 -9999 -9999 -9999 -9999 -9999 -9999 -9999 -9999 -9999 -9999 -9999 -9999 -9999 -9999 -9999 -9999 0.0858233968756394 0.0858233968756394 0.0902103372645797 0.0989842180424603 0.107758098820341 0.116531979598221 0.110427348758094 0.0993632140452974 0.0882990793325007 0.077234944619704
2.7993263094686 2.7993263094686 2.58539805421606 2.37146979896352 2.15754154371098 1.99709535227157 1.99709535227157 -9999 -9999 -9999 -9999 -9999 -9999 -9999 -9999 -9999 -9999 -9999 2.13044933625497 2.13044933625497 2.12710710475221 2.11373817874119 2.10036925273016 2.08700032671914 2.1102830953896 2.17021755874157 2.23015202209353 2.2900864854455 2.30507010128349 2.30507010128349 -9999 -9999 -9999 -9999 -9999 -9999 -9999 -9999 -9999 -9999 -9999 -9999 -9999 -9999 -9999 -9999 -9999 -9999 -9999 -9999 0.0940510793152498 0.0926797989086481 0.0913085185020464 0.0899372380954446 0.0977015634271083 0.114601494497037 0.131501425566967 0.148401356636896 0.166189776384272 0.18427435902413 0.202358941663988 0.220443524303846
-9999 2.7993263094686 2.58539805421606 2.37146979896352 2.15754154371098 -9999 -9999 -9999 -9999 -9999 -9999 -9999 -9999 -9999 -9999 -9999 -9999 -9999 -9999 -9999 2.12710710475221 2.11373817874119 2.10036925273016 2.08700032671914 2.1102830953896 2.17021755874157 2.23015202209353 2.2900864854455 -9999 -9999 -9999 -9999 -9999 -9999 -9999 -9999 -9999 -9999 -9999 -9999 -9999 -9999 -9999 -9999 -9999 -9999 -9999 -9999 -9999 -9999 0.0945081727841171 0.0949652662529843 0.0954223597218515 0.0958794531907188 0.109828079221188 0.137268237813259 0.164708396405331 0.192148554997402 0.264726827095728 0.352351137029473 0.439975446963217 0.527599756896961
-9999 -9999 -9999 -9999 -9999 -9999 -9999 -9999 -9999 -9999 -9999 -9999 -9999 -9999 -9999 -9999 -9999 -9999 -9999 -9999 -9999 -9999 -9999 -9999 -9999 -9999 -9999 -9999 -9999 -9999 -9999 -9999 -9999 -9999 -9999 -9999 -9999 -9999 -9999 -9999 -9999 -9999 -9999 -9999 -9999 -9999 -9999 -9999 -9999 -9999 0.102091943408595 0.1023412172799 0.102590491151204 0.102839765022509 0.121954595015268 0.159934981129481 0.197915367243695 0.235895753357909 0.363263877807185 0.520427915034816 0.677591952262446 0.834755989490077
-9999 -9999 -9999 -9999 -9999 -9999 -9999 -9999 -9999 -9999 -9999 -9999 -9999 -9999 -9999 -9999 -9999 -9999 -9999 -9999 -9999 -9999 -9999 -9999 -9999 -9999 -9999 -9999 -9999 -9999 -9999 -9999 -9999 -9999 -9999 -9999 -9999 -9999 -9999 -9999 -9999 -9999 -9999 -9999 -9999 -9999 -9999 -9999 -9999 -9999 0.102042088634335 0.102091943408595 0.102141798182856 0.102191652957117 0.142280261512497 0.222407623848994 0.302534986185492 0.38266234852199 0.43318066422944 0.473829297727207 0.514477931224974 0.555126564722741
-9999 -9999 -9999 -9999 -9999 -9999 -9999 -9999 -9999 -9999 -9999 -9999 -9999 -9999 -9999 -9999 -9999 -9999 -9999 -9999 -9999 -9999 -9999 -9999 -9999 -9999 -9999 -9999 -9999 -9999 -9999 -9999 -9999 -9999 -9999 -9999 -9999 -9999 -9999 -9999 -9999 -9999 -9999 -9999 -9999 -9999 -9999 -9999 -9999 -9999 0.101992233860074 0.101842669537291 0.101693105214508 0.101543540891726 0.162605928009725 0.284880266568507 0.407154605127289 0.529428943686071 0.503097450651694 0.427230680419598 0.351363910187501 0.275497139955405
-9999 -9999 -9999 -9999 -9999 -9999 -9999 -9999 -9999 -9999 -9999 -9999 -9999 -9999 -9999 -9999 -9999 -9999 -9999 -9999 -9999 -9999 -9999 -9999 -9999 -9999 -9999 -9999 -9999 -9999 -9999 -9999 -9999 -9999 -9999 -9999 -9999 -9999 -9999 -9999 -9999 -9999 -9999 -9999 -9999 -9999 -9999 -9999 -9999 -9999 -9999 -9999 0.101094847923378 0.101094847923378 0.17276876125834 0.316116587928263 0.459464414598187 0.602812241268111 0.538055843862821 0.403931371765793 0.269806899668765 0.135682427571737
