data/climate/sant/min_temp.asc
NCOLS 360 
NROWS 180 
XLLCORNER -180 
YLLCORNER -90 
CELLSIZE 1 
NODATA_value -9999 
[rows 112 to 139 of 180, columns 128 to 191 of 360]
13.6476298014323 13.1976704915365 12.7477111816406 13.0844889322917 15.7814778645834 18.478466796875 21.1754557291667 22.7256266276042 23.1289794921875 23.5323323567709 23.9356852213542 23.8137023925781 23.5166076660156 23.2195129394531 22.9224182128906 23.2550923665365 23.5877665201823 23.9204406738281 23.8421976725261 22.5312032063802 21.2202087402344 19.9092142740886 19.0484802246094 18.6380065917969 18.2275329589844 17.8170593261719 17.8996887207031 18.1466857910156 18.3936828613281 18.6406799316406 18.8943664550781 19.1480529785156 19.4017395019531 19.5908264160156 19.5861145019531 19.5814025878906 19.5766906738281 -9999 -9999 -9999 -9999 -9999 -9999 -9999 -9999 -9999 -9999 -9999 -9999 -9999 -9999 -9999 24.3078308105469 24.7653015136719 25.2227722167969 25.6802429199219 25.4478454589844 24.9854919433594 24.5231384277344 24.0607849121094 24.3026550292969 24.5445251464844 24.7863952636719 24.9825032552084
14.007597249349 13.9176053873698 13.8276135253906 14.1252482096354 15.5857625325521 17.0462768554688 18.5067911783854 19.7791723632813 20.8634204101563 21.9476684570313 23.0319165039063 23.7007507324219 24.2311136881511 24.7614766438802 25.2918395996094 24.6252071126302 23.9585746256511 23.2919421386719 22.6153715006511 21.9089864095052 21.2026013183594 20.4962162272136 19.7627868652344 19.0023132324219 18.2418395996094 17.4813659667969 17.3397766113281 17.404482014974 17.4691874186198 17.5338928222656 18.0789530436198 18.624013264974 19.1690734863281 19.5776330566407 19.5766906738281 19.5757482910156 19.5748059082031 -9999 -9999 -9999 -9999 -9999 -9999 -9999 -9999 -9999 -9999 -9999 -9999 -9999 -9999 -9999 24.1248425292969 24.2163366699219 24.3078308105469 24.3993249511719 24.1003771972657 23.6712821451823 23.242187093099 22.8130920410157 22.8905448404948 22.967997639974 23.0454504394531 23.1266097005209
14.3675646972656 14.6375402832031 14.9075158691406 15.1660074869792 15.3900472005209 15.6140869140625 15.8381266276042 16.8327180989584 18.597861328125 20.3630045572917 22.1281477864584 23.5877990722656 24.9456197102865 26.3034403483073 27.6612609863281 25.995321858724 24.3293827311198 22.6634436035156 21.3885453287761 21.2867696126302 21.1849938964844 21.0832181803386 20.4770935058594 19.3666198730469 18.2561462402344 17.1456726074219 16.7798645019531 16.6622782389323 16.5446919759115 16.4271057128906 17.2635396321615 18.0999735514323 18.9364074707031 19.5644396972656 19.5672668457031 19.5700939941406 19.5729211425781 -9999 -9999 -9999 -9999 -9999 -9999 -9999 -9999 -9999 -9999 -9999 -9999 -9999 -9999 -9999 23.9418542480469 23.6673718261719 23.3928894042969 23.1184069824219 22.7529089355469 22.3570723470052 21.9612357584636 21.5653991699219 21.4784346516927 21.3914701334636 21.3045056152344 21.2707161458334
14.1264056396485 14.4423162841797 14.758226928711 14.9987231445313 15.0129760742188 15.0272290039063 15.0414819335938 16.1052775065104 18.2186157226563 20.3319539388021 22.4452921549479 24.0704870605469 25.5329675292969 26.9954479980469 28.4579284667969 26.3322774251302 24.2066263834636 22.0809753417969 20.5435469563802 20.7707865397136 20.9980261230469 21.2252657063802 20.7235876464844 19.4929919433594 18.2623962402344 17.0318005371094 16.5080871582031 16.2200012207031 15.9319152832031 15.6438293457031 16.6872521972657 17.7306750488281 18.7740979003906 19.5566650390625 19.5566650390625 -9999 -9999 -9999 -9999 -9999 -9999 -9999 -9999 -9999 -9999 -9999 -9999 -9999 -9999 -9999 -9999 -9999 19.4461572265625 19.95353515625 20.4609130859375 20.968291015625 20.9296105957031 20.7089107259115 20.4882108561198 20.2675109863281 20.1235884602865 19.9796659342448 19.8357434082031 19.7722224934896
13.7051914469401 13.599887898763 13.494584350586 13.6233951822917 14.4545491536459 15.285703125 16.1168570963542 17.5968505859375 19.72568359375 21.8545166015625 23.983349609375 25.1488146972656 25.9931571451823 26.837499593099 27.6818420410156 25.636073811849 23.5903055826823 21.5445373535156 20.0803763834636 20.3610371907552 20.6416979980469 20.9223588053386 20.5022692871094 19.3814294433594 18.2605895996094 17.1397497558594 16.5244445800781 16.0776509602865 15.6308573404948 15.1840637207031 16.3500907389323 17.5161177571615 18.6821447753906 -9999 -9999 -9999 -9999 -9999 -9999 -9999 -9999 -9999 -9999 -9999 -9999 -9999 -9999 -9999 -9999 -9999 -9999 -9999 19.1079052734375 18.938779296875 18.7696533203125 18.60052734375 18.6304821777344 18.7267972819011 18.8231123860677 18.9194274902344 18.8260062662761 18.7325850423177 18.6391638183594 18.6311287434896
10.340326944987 10.8842274983724 11.4281280517578 12.2480672200521 13.8961222330729 15.5441772460938 17.1922322591146 19.0884236653646 21.2327514648438 23.3770792643229 25.5214070638021 26.2271423339844 26.4533467610677 26.6795511881511 26.9057556152344 24.9398701985677 22.9739847819011 21.0080993652344 19.6172058105469 19.9512878417969 20.2853698730469 20.6194519042969 20.2809509277344 19.2698669433594 18.2587829589844 17.2476989746094 16.5408020019531 15.9353006998698 15.3297993977865 14.7242980957031 14.7242980957031 -9999 -9999 -9999 -9999 -9999 -9999 -9999 -9999 -9999 -9999 -9999 -9999 -9999 -9999 -9999 -9999 -9999 -9999 -9999 -9999 -9999 18.7078165690104 17.8812133789063 17.0546101888021 16.2280069986979 16.3313537597656 16.7446838378906 17.1580139160156 17.5713439941406 17.5284240722657 17.4855041503906 17.4425842285156 17.4900349934896
9.90520650227867 10.0139866129558 10.1227667236328 10.7145751953125 12.75546875 14.7963623046875 16.837255859375 18.8270003255209 20.765595703125 22.7041910807292 24.6427864583334 25.2408337402344 25.3920316569011 25.5432295735677 25.6944274902344 24.2195446777344 22.7446618652344 21.2697790527344 20.0339400227865 19.5152323404948 18.9965246582031 18.4778169759115 18.1882840983073 18.1279260253906 18.067567952474 18.0072098795573 17.3385559082031 16.4671366373698 15.5957173665365 14.7242980957031 14.7242980957031 -9999 -9999 -9999 -9999 -9999 -9999 -9999 -9999 -9999 -9999 -9999 -9999 -9999 -9999 -9999 -9999 -9999 -9999 -9999 -9999 -9999 18.7257967122396 17.9351538085938 17.1445109049479 16.3538680013021 16.3505480957031 16.6096691894531 16.8687902832031 17.1279113769531 17.0967948404948 17.0656783040365 17.0345617675781 17.0096956380209
9.47008605957033 9.14374572753908 8.81740539550783 9.18108317057294 11.6148152669271 14.0485473632813 16.4822794596354 18.5655769856771 20.2984399414063 22.0313028971354 23.7641658528646 24.2545251464844 24.3307165527344 24.4069079589844 24.4830993652344 23.4992191569011 22.5153389485677 21.5314587402344 20.4506742350261 19.0791768391927 17.7076794433594 16.3361820475261 16.0956172688802 16.9859851074219 17.8763529459636 18.7667207845052 18.1363098144531 16.9989725748698 15.8616353352865 -9999 -9999 -9999 -9999 -9999 -9999 -9999 -9999 -9999 -9999 -9999 -9999 -9999 -9999 -9999 -9999 -9999 -9999 -9999 -9999 -9999 19.1211181640625 19.1211181640625 18.7437768554688 17.9890942382813 17.2344116210938 16.4797290039063 16.3697424316406 16.4746545410156 16.5795666503906 16.6844787597656 16.665165608724 16.6458524576823 16.6265393066406 16.5293562825521
8.00557189941409 7.95818664550784 7.91080139160159 8.53287760416669 11.1633382161459 13.793798828125 16.4242594401042 18.4694466145834 19.9293603515625 21.3892740885417 22.8491878255209 23.2540112304688 23.3071378580729 23.3602644856771 23.4133911132813 22.5982999674479 21.7832088216146 20.9681176757813 19.9364278157552 18.2549418131511 16.5734558105469 14.8919698079427 14.7761177571615 16.2258996582031 17.6756815592448 19.1254634602865 19.4879089355469 19.4879089355469 -9999 -9999 -9999 -9999 -9999 -9999 -9999 -9999 -9999 -9999 -9999 -9999 -9999 -9999 -9999 -9999 -9999 -9999 -9999 -9999 16.11205078125 16.6135620117188 17.1150732421875 17.6165844726563 17.6178552246094 17.1188854980469 16.6199157714844 16.1209460449219 15.9758276367188 15.9486596679688 15.9214916992188 15.8943237304688 15.9327498372396 15.9711759440104 16.0096020507813 15.8999617513021
8.06875223795575 8.08454732259117 8.10034240722659 8.76995849609377 11.4010375976563 14.0321166992188 16.6631958007813 18.5386092122396 19.6583569335938 20.7781046549479 21.8978523763021 22.2392919921875 22.3212955729167 22.4032991536459 22.485302734375 21.516787109375 20.548271484375 19.579755859375 18.491200764974 17.0425272623698 15.5938537597656 14.1451802571615 14.2297855631511 15.8476696777344 17.4655537923177 19.0834379069011 -9999 -9999 -9999 -9999 -9999 -9999 -9999 -9999 -9999 -9999 -9999 -9999 -9999 -9999 -9999 -9999 -9999 -9999 -9999 -9999 -9999 -9999 15.9448803710938 15.7777099609375 15.6105395507813 15.443369140625 15.3480318196615 15.3245275878906 15.3010233561198 15.277519124349 15.1688037109375 15.0316845703125 14.8945654296875 14.7574462890625 14.8995475260417 15.0416487630209 15.18375 15.1215120442709
13.5517801920573 11.659901936849 9.76802368164065 9.00703938802086 11.6387369791667 14.2704345703125 16.9021321614584 18.6077718098959 19.387353515625 20.1669352213542 20.9465169270834 21.2245727539063 21.3354532877604 21.4463338216146 21.5572143554688 20.4352742513021 19.3133341471354 18.1913940429688 17.0459737141927 15.8301127115886 14.6142517089844 13.3983907063802 13.0945353190104 13.702685546875 14.3108357747396 14.9189860026042 -9999 -9999 -9999 -9999 -9999 -9999 -9999 -9999 -9999 -9999 -9999 -9999 -9999 -9999 -9999 -9999 -9999 -9999 -9999 -9999 -9999 -9999 12.6776977539063 12.7275634765625 12.7774291992188 12.827294921875 13.0782084147136 13.5301696777344 13.9821309407552 14.4340922037761 14.3617797851563 14.1147094726563 13.8676391601563 13.6205688476563 13.8663452148438 14.1121215820313 14.3578979492188 14.3430623372396
13.8730236816406 12.3023889160156 10.7317541503906 10.0060611979167 11.8151936848959 13.624326171875 15.4334586588542 16.83095703125 17.8168212890625 18.802685546875 19.7885498046875 20.1122802734375 20.2152994791667 20.3183186848959 20.421337890625 19.6924869791667 18.9636360677084 18.23478515625 17.4832645670573 16.6637349446615 15.8442053222656 15.0246756998698 14.6757259114584 14.7973559570313 14.9189860026042 15.0406160481771 -9999 -9999 -9999 -9999 -9999 -9999 -9999 -9999 -9999 -9999 -9999 -9999 -9999 -9999 -9999 -9999 -9999 -9999 -9999 -9999 -9999 -9999 12.667724609375 12.6776977539063 12.6876708984375 12.6976440429688 12.635468343099 12.5011437988281 12.3668192545573 12.2324947102865 12.2460864257813 12.3089835611979 12.3718806966146 12.4347778320313 12.6833243815104 12.9318709309896 13.1804174804688 13.2421785481771
14.194267171224 12.9448758951823 11.6954846191406 11.0050830078125 11.991650390625 12.9782177734375 13.96478515625 15.0541422526042 16.2462890625 17.4384358723959 18.6305826822917 18.9999877929688 19.0951456705729 19.1903035481771 19.2854614257813 18.9496997070313 18.6139379882813 18.2781762695313 17.9205554199219 17.4973571777344 17.0741589355469 16.6509606933594 16.2569165039063 15.8920263671875 15.5271362304688 15.16224609375 -9999 -9999 -9999 -9999 -9999 -9999 -9999 -9999 -9999 -9999 -9999 -9999 -9999 -9999 -9999 -9999 -9999 -9999 -9999 -9999 -9999 -9999 12.6577514648438 12.62783203125 12.5979125976563 12.5679931640625 12.1927282714844 11.4721179199219 10.7515075683594 10.0308972167969 10.1303930664063 10.5032576497396 10.8761222330729 11.2489868164063 11.5003035481771 11.7516202799479 12.0029370117188 12.1412947591146
13.9584724934896 13.0138810221354 12.0692895507813 11.4843269856771 11.9782511393229 12.4721752929688 12.9660994466146 13.8354988606771 15.0803735351563 16.3252482096354 17.5701228841146 18.0485778808594 18.2715596516927 18.4945414225261 18.7175231933594 18.4450638834636 18.1726045735677 17.9001452636719 17.6728531901042 17.5810628255209 17.4892724609375 17.3974820963542 17.3515869140625 17.3515869140625 -9999 -9999 -9999 -9999 -9999 -9999 -9999 -9999 -9999 -9999 -9999 -9999 -9999 -9999 -9999 -9999 -9999 -9999 -9999 -9999 -9999 -9999 -9999 -9999 12.4819995117188 12.4813720703125 12.4807446289063 12.4801171875 11.9144486490886 10.7837390136719 9.65302937825523 8.52231974283857 8.65611083984377 9.21140218098961 9.76669352213544 10.3219848632813 10.5545971679688 10.7872094726563 11.0198217773438 11.1676627604167
13.1656396484375 12.509404296875 11.8531689453125 11.4437931315104 11.7749959309896 12.1061987304688 12.4374015299479 13.1750268554688 14.3190747070313 15.4631225585938 16.6071704101563 17.2580505371094 17.7445414225261 18.2310323079427 18.7175231933594 18.1785795084636 17.6396358235677 17.1006921386719 16.7401578776042 16.9148518880209 17.0895458984375 17.2642399088542 -9999 -9999 -9999 -9999 -9999 -9999 -9999 -9999 -9999 -9999 -9999 -9999 -9999 -9999 -9999 -9999 -9999 -9999 -9999 -9999 -9999 -9999 -9999 -9999 -9999 -9999 12.4822086588542 12.4824178059896 12.482626953125 12.4828361002604 11.8006294759115 10.4360070800781 9.07138468424481 7.70676228841148 7.82323974609377 8.43341715494794 9.04359456380211 9.65377197265627 9.84620524088544 10.0386385091146 10.2310717773438 10.3212825520834
12.3728068033854 12.0049275716146 11.6370483398438 11.4032592773438 11.5717407226563 11.7402221679688 11.9087036132813 12.5145548502604 13.5577758789063 14.6009969075521 15.6442179361979 15.7159698486328 15.4638987223308 15.2118275960287 -9999 -9999 15.69716796875 15.69716796875 15.69716796875 15.69716796875 -9999 -9999 -9999 -9999 -9999 -9999 -9999 -9999 -9999 -9999 -9999 -9999 -9999 -9999 -9999 -9999 -9999 -9999 -9999 -9999 -9999 -9999 -9999 -9999 -9999 -9999 -9999 -9999 10.8452392578125 11.3140502929688 11.782861328125 12.2516723632813 11.6868103027344 10.0882751464844 8.4897399902344 6.8912048339844 6.99036865234377 7.65543212890627 8.32049560546877 8.98555908203127 9.13781331380211 9.29006754557294 9.44232177734377 9.47490234375002
10.8245369466146 10.8622696940104 10.9000024414063 11.0469108072917 11.5213460286459 11.99578125 12.4702164713542 13.0329508463542 13.683984375 14.3350179036459 14.9860514322917 15.1109991455078 15.0605849202474 15.010170694987 -9999 -9999 15.69716796875 15.69716796875 15.69716796875 15.69716796875 -9999 -9999 -9999 -9999 -9999 -9999 -9999 -9999 -9999 -9999 -9999 -9999 -9999 -9999 -9999 -9999 -9999 -9999 -9999 -9999 -9999 -9999 -9999 -9999 -9999 -9999 -9999 -9999 10.7514770507813 10.8452392578125 10.9390014648438 11.032763671875 10.5676590983073 9.54368774414065 8.51971638997398 7.49574503580731 7.53306640625002 7.92415201822919 8.31523763020836 8.70632324218752 8.70196289062502 8.69760253906252 8.69324218750002 8.66397542317711
9.27626708984377 9.71961181640627 10.1629565429688 10.6905623372396 11.4709513346354 12.2513403320313 13.0317293294271 13.5513468424479 13.8101928710938 14.0690388997396 14.3278849283854 14.5060284423828 14.6572711181641 14.8085137939453 -9999 -9999 -9999 -9999 -9999 -9999 -9999 -9999 -9999 -9999 -9999 -9999 -9999 -9999 -9999 -9999 -9999 -9999 -9999 -9999 -9999 -9999 -9999 -9999 -9999 -9999 -9999 -9999 -9999 -9999 -9999 -9999 -9999 -9999 10.65771484375 10.3764282226563 10.0951416015625 9.81385498046877 9.44850789388023 8.9991003417969 8.54969278971356 8.10028523763023 8.07576416015627 8.19287190755211 8.30997965494794 8.42708740234377 8.26611246744794 8.10513753255211 7.94416259765627 7.85304850260419
8.32770304361981 9.12859334309898 9.92948364257815 10.7307775878906 11.5332824707031 12.3357873535156 13.1382922363281 13.602870686849 13.7295227050781 13.8561747233073 13.9828267415365 14.0144897460938 14.0144897460938 -9999 -9999 -9999 -9999 -9999 -9999 -9999 -9999 -9999 -9999 -9999 -9999 -9999 -9999 -9999 -9999 -9999 -9999 -9999 -9999 -9999 -9999 -9999 -9999 -9999 -9999 -9999 -9999 -9999 -9999 -9999 -9999 -9999 -9999 -9999 9.67836425781252 9.56030273437502 9.44224121093752 9.32417968750002 9.18892578125002 9.03647949218752 8.88403320312502 8.73158691406252 8.60875976562502 8.49580566406252 8.38285156250002 8.26989746093752 7.93534830729169 7.60079915364586 7.26625000000002 7.07676025390627
7.97884480794273 9.08921427408857 10.1995837402344 11.1675565592448 11.708339436849 12.2491223144531 12.7899051920573 13.1875223795573 13.4419738769531 13.696425374349 13.9508768717448 -9999 -9999 -9999 -9999 -9999 -9999 -9999 -9999 -9999 -9999 -9999 -9999 -9999 -9999 -9999 -9999 -9999 -9999 -9999 -9999 -9999 -9999 -9999 -9999 -9999 -9999 -9999 -9999 -9999 -9999 -9999 -9999 -9999 -9999 -9999 -9999 -9999 9.71771809895836 9.75707194010419 9.79642578125002 9.83577962239586 9.78891276041669 9.65582519531252 9.52273763020836 9.38965006510419 9.13205322265627 8.83295328776044 8.53385335286461 8.23475341796877 7.70967041015627 7.18458740234377 6.65950439453127 6.33511067708336
7.62998657226565 9.04983520507815 10.4696838378906 11.604335530599 11.8833964029948 12.1624572753906 12.4415181477865 12.5810485839844 12.5810485839844 -9999 -9999 -9999 -9999 -9999 -9999 -9999 -9999 -9999 -9999 -9999 -9999 -9999 -9999 -9999 -9999 -9999 -9999 -9999 -9999 -9999 -9999 -9999 -9999 -9999 -9999 -9999 -9999 -9999 -9999 -9999 -9999 -9999 -9999 -9999 -9999 -9999 -9999 -9999 -9999 -9999 10.4457641601563 10.4457641601563 10.3888997395834 10.2751708984375 10.1614420572917 10.0477132161459 9.65534667968752 9.17010091145836 8.68485514322919 8.19960937500002 7.48399251302086 6.76837565104169 6.05275878906252 5.59346110026044
7.2714099121094 8.3765905761719 9.4817712402344 10.4620161946615 11.0674540201823 11.6728918457031 12.278329671224 12.5810485839844 12.5810485839844 -9999 -9999 -9999 -9999 -9999 -9999 -9999 -9999 -9999 -9999 -9999 -9999 -9999 -9999 -9999 -9999 -9999 -9999 -9999 -9999 -9999 -9999 -9999 -9999 -9999 -9999 -9999 -9999 -9999 -9999 -9999 -9999 -9999 -9999 -9999 -9999 -9999 -9999 -9999 -9999 -9999 10.4457641601563 10.4457641601563 10.2993375651042 10.006484375 9.71363118489586 9.42077799479169 8.99319580078127 8.52070393880211 8.04821207682294 7.57572021484377 6.91812093098961 6.26052164713544 5.60292236328127 5.15050292968752
6.91283325195315 7.70334594726565 8.49385864257815 9.31969685872398 10.2515116373698 11.1833264160156 12.1151411946615 -9999 -9999 -9999 -9999 -9999 -9999 -9999 -9999 -9999 -9999 -9999 -9999 -9999 -9999 -9999 -9999 -9999 -9999 -9999 -9999 -9999 -9999 -9999 -9999 -9999 -9999 -9999 -9999 -9999 -9999 -9999 -9999 -9999 -9999 -9999 -9999 -9999 -9999 -9999 -9999 -9999 -9999 -9999 -9999 -9999 10.209775390625 9.73779785156252 9.26582031250002 8.79384277343752 8.33104492187502 7.87130696614586 7.41156901041669 6.95183105468752 6.35224934895836 5.75266764322919 5.15308593750002 4.70754475911461
6.83266805013023 7.40655314127606 7.9804382324219 8.40445861816409 8.37888488769534 8.35331115722659 8.32773742675784 -9999 -9999 -9999 -9999 -9999 -9999 -9999 -9999 -9999 -9999 -9999 -9999 -9999 -9999 -9999 -9999 -9999 -9999 -9999 -9999 -9999 -9999 -9999 -9999 -9999 -9999 -9999 -9999 -9999 -9999 -9999 -9999 -9999 -9999 -9999 -9999 -9999 -9999 -9999 -9999 -9999 -9999 -9999 -9999 -9999 7.15413696289065 7.36037231445315 7.56660766601565 7.77284301757815 7.56535766601565 7.21996541341148 6.87457316080731 6.52918090820315 6.01582967122398 5.50247843424481 4.98912719726565 4.57789794921877
7.03091430664065 7.48621215820315 7.94151000976565 8.28511454264325 8.29363911946617 8.30216369628909 8.310688273112 -9999 -9999 -9999 -9999 -9999 -9999 -9999 -9999 -9999 -9999 -9999 -9999 -9999 -9999 -9999 -9999 -9999 -9999 -9999 -9999 -9999 -9999 -9999 -9999 -9999 -9999 -9999 -9999 -9999 -9999 -9999 -9999 -9999 -9999 -9999 -9999 -9999 -9999 -9999 -9999 -9999 -9999 -9999 -9999 -9999 7.01664672851565 6.94790161132815 6.87915649414065 6.81041137695315 6.69613403320315 6.56667928059898 6.43722452799481 6.30776977539065 5.90886189778648 5.50995402018231 5.11104614257815 4.76156250000002
7.22916056315106 7.56587117513023 7.9025817871094 8.15511474609377 8.15511474609377 -9999 -9999 -9999 -9999 -9999 -9999 -9999 -9999 -9999 -9999 -9999 -9999 -9999 -9999 -9999 -9999 -9999 -9999 -9999 -9999 -9999 -9999 -9999 -9999 -9999 -9999 -9999 -9999 -9999 -9999 -9999 -9999 -9999 -9999 -9999 -9999 -9999 -9999 -9999 -9999 -9999 -9999 -9999 -9999 -9999 -9999 -9999 7.25553283691409 6.79599914550784 6.33646545410159 5.87693176269534 5.82691040039065 5.91339314778648 5.99987589518231 6.08635864257815 5.80189412434898 5.51742960611981 5.23296508789065 4.94522705078127
7.22759399414065 7.56487426757815 7.90215454101565 8.15511474609377 8.15511474609377 -9999 -9999 -9999 -9999 -9999 -9999 -9999 -9999 -9999 -9999 -9999 -9999 -9999 -9999 -9999 -9999 -9999 -9999 -9999 -9999 -9999 -9999 -9999 -9999 -9999 -9999 -9999 -9999 -9999 -9999 -9999 -9999 -9999 -9999 -9999 -9999 -9999 -9999 -9999 -9999 -9999 -9999 -9999 -9999 -9999 -9999 -9999 7.43934631347659 7.34743957519534 7.25553283691409 7.16362609863284 7.0614782714844 6.9559167480469 6.8503552246094 6.7447937011719 6.71258829752606 6.68038289388023 6.6481774902344 6.44267333984377
7.22602742513023 7.56387736002606 7.9017272949219 -9999 -9999 -9999 -9999 -9999 -9999 -9999 -9999 -9999 -9999 -9999 -9999 -9999 -9999 -9999 -9999 -9999 -9999 -9999 -9999 -9999 -9999 -9999 -9999 -9999 -9999 -9999 -9999 -9999 -9999 -9999 -9999 -9999 -9999 -9999 -9999 -9999 -9999 -9999 -9999 -9999 -9999 -9999 -9999 -9999 -9999 -9999 -9999 -9999 7.62315979003909 7.89888000488284 8.17460021972659 8.45032043457034 8.29604614257815 7.99844034830731 7.70083455403648 7.40322875976565 7.62328247070315 7.84333618164065 8.06338989257815 7.94011962890627
