data/climate/camp/max_precip.asc
NCOLS 360 
NROWS 180 
XLLCORNER -180 
YLLCORNER -90 
CELLSIZE 1 
NODATA_value -9999 
[rows 145 to 173 of 180, columns 260 to 324 of 360]
-9999 -9999 -9999 -9999 -9999 -9999 -9999 -9999 -9999 -9999 -9999 -9999 -9999 -9999 -9999 -9999 -9999 5.99894465412945 6.01435555424541 6.02976645436138 6.04517735447735 6.16091924998909 6.57765413168818 6.99438901338726 7.41112389508635 7.21756941452622 6.41372557170689 5.60988172888756 4.80603788606822 4.59117856482044 4.57264741742983 4.55411627003923 4.53558512264863 4.56845183903351 4.6013185554184 4.63418527180329 4.70913882320747 4.91035287966952 5.11156693613157 5.31278099259362 5.34568825224414 5.21028871508315 5.07488917792216 4.93948964076117 4.86057983944193 4.80049995006993 4.74042006069794 4.68034017132595 4.42557715298608 4.17081413464621 3.91605111630633 3.71293486654758 3.6647589225322 3.61658297851682 3.56840703450143 3.59833803121001 3.70637596864253 3.81441390607506 3.92245184350759 3.93485130602494 3.9153712769039 3.89589124778286 3.87641121866181 3.84847073117271 3.82053024368361
-9999 -9999 -9999 -9999 -9999 -9999 -9999 -9999 -9999 -9999 -9999 -9999 -9999 -9999 -9999 -9999 -9999 5.99894465412945 5.99380768742412 5.9886707207188 5.98353375401348 6.0312837632373 6.23769470024854 6.44410563725978 6.65051657427102 6.45997012406588 5.87246628664434 5.2849624492228 4.69745861180127 4.58567276084796 4.63245957205072 4.67924638325348 4.72603319445625 4.65182297537103 4.57761275628582 4.5034025372006 4.47976838657632 4.60786244133487 4.73595649609342 4.86405055085197 4.84022127790377 4.66446867724881 4.48871607659385 4.31296347593889 4.24354674993083 4.20957531547174 4.17560388101265 4.14163244655356 4.05321563920006 3.96479883184657 3.87638202449307 3.78968437481672 3.70814419817179 3.62660402152687 3.54506384488195 3.65825734846294 3.96618453226984 4.27411171607673 4.58203889988363 4.4221232556738 4.10626000212505 3.79039674857631 3.47453349502757 3.59984353417531 3.72515357332304
-9999 -9999 -9999 -9999 -9999 -9999 -9999 -9999 -9999 -9999 -9999 -9999 -9999 -9999 -9999 -9999 -9999 -9999 -9999 5.90262652840465 5.90262652840465 5.9016482764855 5.8977352688089 5.8938222611323 5.8899092534557 5.70237083360553 5.33120700158179 4.96004316955805 4.58887933753431 4.58016695687547 4.69227172667161 4.80437649646774 4.91648126626387 4.73519411170855 4.55390695715323 4.37261980259791 4.25039794994518 4.30537200300023 4.36034605605528 4.41532010911033 4.33475430356339 4.11864863941446 3.90254297526553 3.68643731111661 3.62651366041973 3.61865068087354 3.61078770132735 3.60292472178116 3.68085412541404 3.75878352904692 3.8367129326798 3.86643388308585 3.75152947381139 3.63662506453693 3.52172065526247 3.71817666571587 4.22599309589714 4.7338095260784 5.24162595625967 4.90939520532265 4.29714872734621 3.68490224936977 3.07265577139333 3.3512163371779 3.62977690296248
-9999 -9999 -9999 -9999 -9999 -9999 -9999 -9999 -9999 -9999 -9999 -9999 -9999 -9999 -9999 -9999 -9999 -9999 -9999 5.90262652840465 5.90262652840465 5.87493762373924 5.7641820050776 5.65342638641596 5.54267076775432 5.35469015222043 5.08948453981429 4.82427892740816 4.55907331500202 4.59063116787001 4.72111017582938 4.85158918378875 4.98206819174811 4.63987709535286 4.2976859989576 3.95549490256235 3.70340126892552 3.72160002356395 3.73979877820238 3.75799753284082 3.74913877481595 3.71322250412777 3.67730623343959 3.64138996275142 3.62651366041973 3.61865068087354 3.61078770132735 3.60292472178116 3.68085412541404 3.75878352904692 3.8367129326798 3.88579881191254 3.84835411794484 3.81090942397714 3.77346473000944 3.84370639454573 4.02163441758603 4.19956244062632 4.37749046366662 4.18426508596167 3.86732190800831 3.55037873005494 3.23343555210158 3.46912150969729 3.70480746729299
-9999 -9999 -9999 -9999 -9999 -9999 -9999 -9999 -9999 -9999 -9999 -9999 -9999 -9999 -9999 -9999 -9999 -9999 -9999 -9999 -9999 5.84822697099298 5.6306287413463 5.41303051169962 5.19543228205293 5.00700947083533 4.8477620780468 4.68851468525827 4.52926729246974 4.60109537886456 4.74994862498716 4.89880187110975 5.04765511723235 4.54456007899716 4.04146504076198 3.53837000252679 3.15640458790585 3.13782804412767 3.11925150034949 3.10067495657131 3.16352324606851 3.30779636884108 3.45206949161366 3.59634261438623 3.62651366041973 3.61865068087354 3.61078770132735 3.60292472178116 3.68085412541404 3.75878352904692 3.8367129326798 3.90516374073923 3.94517876207829 3.98519378341734 4.0252088047564 3.96923612337559 3.81727573927492 3.66531535517424 3.51335497107357 3.45913496660069 3.4374950886704 3.41585521074012 3.39421533280984 3.58702668221667 3.77983803162351
-9999 -9999 -9999 -9999 -9999 -9999 -9999 -9999 -9999 -9999 -9999 -9999 -9999 -9999 -9999 -9999 -9999 -9999 -9999 -9999 -9999 4.3078786781989 4.40428277710453 4.50068687601015 4.59709097491577 4.62429358251393 4.58229469880462 4.54029581509531 4.49829693138599 4.60632748436183 4.76436784956604 4.92240821477026 5.08044857997447 4.49690157081932 3.91335456166416 3.32980755250901 2.88290624739602 2.84594205440953 2.80897786142305 2.77201366843656 2.75353157194331 2.75353157194331 -9999 -9999 -9999 -9999 -9999 -9999 -9999 -9999 -9999 -9999 -9999 4.19045328162611 4.19045328162611 4.03200098779052 3.71509640011936 3.3981918124482 3.08128722477704 3.09656990692019 3.22258167900145 3.34859345108271 3.47460522316396 3.47460522316396 -9999
-9999 -9999 -9999 -9999 -9999 -9999 -9999 -9999 -9999 -9999 -9999 -9999 -9999 -9999 -9999 -9999 -9999 -9999 -9999 -9999 -9999 4.2757439785637 4.24360927892849 4.21147457929328 4.17933987965807 4.20654248725623 4.29308240208775 4.37962231691927 4.46616223175079 4.60632748436183 4.76436784956604 4.92240821477026 5.08044857997447 4.49690157081932 3.91335456166416 3.32980755250901 2.88290624739602 2.84594205440953 2.80897786142305 2.77201366843656 -9999 -9999 -9999 -9999 -9999 -9999 -9999 -9999 -9999 -9999 -9999 -9999 -9999 -9999 -9999 4.03200098779052 3.71509640011936 3.3981918124482 3.08128722477704 3.09656990692019 3.22258167900145 3.34859345108271 -9999 -9999 -9999
-9999 -9999 -9999 -9999 -9999 -9999 -9999 -9999 -9999 -9999 -9999 -9999 -9999 -9999 -9999 -9999 -9999 -9999 -9999 -9999 -9999 -9999 -9999 3.68125203531235 3.68125203531235 3.68125203531235 3.68125203531235 -9999 -9999 -9999 -9999 -9999 -9999 -9999 -9999 -9999 -9999 -9999 -9999 -9999 -9999 -9999 -9999 -9999 -9999 -9999 -9999 -9999 -9999 -9999 -9999 -9999 -9999 -9999 -9999 -9999 -9999 -9999 -9999 -9999 -9999 -9999 -9999 -9999 -9999
-9999 -9999 -9999 -9999 -9999 -9999 -9999 -9999 -9999 -9999 -9999 -9999 -9999 -9999 -9999 -9999 -9999 -9999 -9999 -9999 -9999 -9999 -9999 3.68125203531235 3.68125203531235 3.68125203531235 3.68125203531235 -9999 -9999 -9999 -9999 -9999 -9999 -9999 -9999 -9999 -9999 -9999 -9999 -9999 -9999 -9999 -9999 -9999 -9999 -9999 -9999 -9999 -9999 -9999 -9999 -9999 -9999 -9999 -9999 -9999 -9999 -9999 -9999 -9999 -9999 -9999 -9999 -9999 -9999
-9999 -9999 -9999 -9999 -9999 -9999 -9999 -9999 -9999 -9999 -9999 -9999 -9999 -9999 -9999 -9999 -9999 -9999 -9999 -9999 -9999 -9999 -9999 -9999 -9999 -9999 -9999 -9999 -9999 -9999 -9999 -9999 -9999 -9999 -9999 -9999 -9999 -9999 -9999 -9999 -9999 -9999 -9999 -9999 -9999 -9999 -9999 -9999 -9999 -9999 -9999 -9999 -9999 -9999 -9999 -9999 -9999 -9999 -9999 -9999 -9999 -9999 -9999 -9999 -9999
-9999 -9999 -9999 -9999 -9999 -9999 -9999 -9999 -9999 -9999 -9999 -9999 -9999 -9999 -9999 -9999 -9999 -9999 -9999 -9999 -9999 -9999 -9999 -9999 -9999 -9999 -9999 -9999 -9999 -9999 -9999 -9999 -9999 -9999 -9999 -9999 -9999 -9999 -9999 -9999 -9999 -9999 -9999 -9999 -9999 -9999 -9999 -9999 -9999 -9999 -9999 -9999 -9999 -9999 -9999 -9999 -9999 -9999 -9999 -9999 -9999 -9999 -9999 -9999 -9999
-9999 -9999 -9999 -9999 -9999 -9999 -9999 -9999 -9999 -9999 -9999 -9999 -9999 -9999 -9999 -9999 -9999 -9999 -9999 -9999 -9999 -9999 -9999 -9999 -9999 -9999 -9999 -9999 -9999 -9999 -9999 -9999 -9999 -9999 -9999 -9999 -9999 -9999 -9999 -9999 -9999 -9999 -9999 -9999 -9999 -9999 -9999 -9999 -9999 -9999 -9999 -9999 -9999 -9999 -9999 -9999 -9999 -9999 -9999 -9999 -9999 -9999 -9999 -9999 -9999
-9999 -9999 -9999 -9999 -9999 -9999 -9999 -9999 -9999 -9999 2.92287237709388 2.94176971307024 2.96066704904661 2.97956438502297 2.99460348905995 3.00835651578382 3.02210954250768 3.03586256923154 3.15460580633953 3.27334904344752 3.39209228055552 3.46431046491489 3.3969534910284 3.32959651714191 3.26223954325542 -9999 -9999 -9999 -9999 -9999 -9999 -9999 -9999 -9999 -9999 -9999 2.71608782932162 2.82520428299904 2.93432073667645 3.04343719035387 2.9665177850984 2.70356252091005 2.44060725672171 2.17765199253336 2.22522291820496 2.37630257382989 2.52738222945482 2.67846188507974 2.6649010553956 2.65134022571146 2.63777939602733 2.62501371558756 2.61463348288089 2.60425325017422 2.59387301746756 2.58722933242097 2.58432219503447 2.58141505764797 2.57850792026147 2.51198295503855 2.42425204720348 2.33652113936841 -9999 -9999 -9999
-9999 -9999 -9999 -9999 -9999 -9999 -9999 -9999 -9999 -9999 2.92287237709388 2.94176971307024 2.96066704904661 2.97956438502297 2.99460348905995 3.00835651578382 3.02210954250768 3.03586256923154 3.15460580633953 3.27334904344752 3.39209228055552 3.46431046491489 3.3969534910284 3.32959651714191 3.26223954325542 -9999 -9999 -9999 -9999 -9999 -9999 -9999 -9999 -9999 -9999 -9999 2.71608782932162 2.82520428299904 2.93432073667645 3.04343719035387 2.9665177850984 2.70356252091005 2.44060725672171 2.17765199253336 2.22522291820496 2.37630257382989 2.52738222945482 2.67846188507974 2.6649010553956 2.65134022571146 2.63777939602733 2.62501371558756 2.61463348288089 2.60425325017422 2.59387301746756 2.58722933242097 2.58432219503447 2.58141505764797 2.57850792026147 2.51198295503855 2.42425204720348 2.33652113936841 -9999 -9999 -9999
-9999 -9999 -9999 -9999 -9999 -9999 -9999 -9999 2.9134237091057 2.9134237091057 2.92287237709388 2.94176971307024 2.96066704904661 2.97956438502297 2.99460348905995 3.00835651578382 3.02210954250768 3.03586256923154 3.15460580633953 3.27334904344752 3.39209228055552 3.46431046491489 3.3969534910284 3.32959651714191 3.26223954325542 3.22856105631217 3.22856105631217 -9999 -9999 -9999 -9999 -9999 -9999 -9999 2.68880871590227 2.68880871590227 2.71608782932162 2.82520428299904 2.93432073667645 3.04343719035387 2.9665177850984 2.70356252091005 2.44060725672171 2.17765199253336 2.22522291820496 2.37630257382989 2.52738222945482 2.67846188507974 2.6649010553956 2.65134022571146 2.63777939602733 2.62501371558756 2.61463348288089 2.60425325017422 2.59387301746756 2.58722933242097 2.58432219503447 2.58141505764797 2.57850792026147 2.51198295503855 2.42425204720348 2.33652113936841 2.24879023153335 2.24879023153335 -9999
-9999 -9999 3.07266802992672 3.02984890993685 2.98702978994697 2.9442106699571 2.91678320942447 2.93553072726354 2.95427824510261 2.97302576294169 2.98375742370263 2.98647322738543 2.98918903106824 2.99190483475104 2.99378478247672 2.99538611155003 2.99698744062334 2.99858876969665 3.10582232940942 3.21305588912219 3.32028944883496 3.38167448434979 3.30551394727081 3.22935341019183 3.15319287311286 3.09242291422561 3.04704353353009 3.00166415283456 2.95628477213904 -9999 -9999 -9999 2.77018054621294 2.75716105336323 2.74414156051353 2.73112206766382 2.74646664597094 2.84690343774855 2.94734022952616 3.04777702130377 2.9665177850984 2.70356252091005 2.44060725672171 2.17765199253336 2.2268403028138 2.3800764712505 2.53331263968721 2.68654880812392 2.67553463531658 2.66452046250924 2.65350628970191 2.64166012499481 2.62731798458844 2.61297584418207 2.5986337037757 2.58963843388483 2.58599003450945 2.58234163513407 2.57869323575869 2.51198295503855 2.42425204720348 2.33652113936841 2.24879023153335 2.24879023153335 -9999
-9999 3.07266802992672 3.07266802992672 3.02984890993685 2.98702978994697 2.9442106699571 2.92597998445854 2.98151460243389 3.03704922040924 3.0925838383846 3.10552751692012 3.07588025601581 3.0462329951115 3.01658573420718 2.99214736931026 2.96944530308247 2.94674323685467 2.92404117062688 3.0082553755492 3.09246958047152 3.17668378539383 3.21640252321959 3.12263485975564 3.02886719629169 2.93509953282773 2.89577893121168 2.91090539144352 2.92603185167536 2.9411583119072 -9999 -9999 -9999 2.77018054621294 2.77452037716284 2.77886020811275 2.78320003906265 2.80722427926958 2.89030174724758 2.97337921522558 3.05645668320358 2.9665177850984 2.70356252091005 2.44060725672171 2.17765199253336 2.23007507203147 2.38762426609173 2.545173460152 2.70272265421227 2.69680179515854 2.6908809361048 2.68496007705107 2.67495294380933 2.65268698800355 2.63042103219777 2.60815507639199 2.59445663681254 2.5893257134594 2.58419479010627 2.57906386675313 2.51198295503855 2.42425204720348 2.33652113936841 -9999 -9999 -9999
3.24601064901799 3.15933933947235 3.07266802992672 3.02984890993685 2.98702978994697 2.9442106699571 2.93517675949261 3.02749847760424 3.11982019571587 3.21214191382751 3.22729761013761 3.16528728464618 3.10327695915475 3.04126663366333 2.9905099561438 2.9435044946149 2.896499033086 2.8494935715571 2.91068842168897 2.97188327182084 3.03307812195271 3.05113056208938 2.93975577224046 2.82838098239154 2.71700619254261 2.66131879761815 2.66131879761815 -9999 -9999 -9999 -9999 -9999 2.61074684676714 2.6749616547022 2.73917646263726 2.80339127057232 2.83549867453985 2.77128386660479 2.70706905866973 2.64285425073467 -9999 -9999 -9999 -9999 -9999 -9999 2.71889650030062 2.71889650030062 2.71806895500049 2.71724140970036 2.71641386440024 2.70824576262385 2.67805599141866 2.64786622021347 2.61767644900829 2.54337563412264 2.42496377555653 2.30655191699043 2.18814005842432 -9999 -9999 -9999 -9999 -9999 -9999
3.40504832658917 3.40925568994135 3.41346305329353 3.33280946407467 3.25215587485582 3.17150228563696 3.10820158710703 3.09695956064388 3.08571753418073 3.07447550771758 3.04313921788707 2.99170866468921 2.94027811149135 2.88884755829349 2.84147387556732 2.79545248299837 2.74943109042943 2.70340969786048 2.80356024764478 2.90371079742908 3.00386134721339 3.05113056208938 2.93975577224046 2.82838098239154 2.71700619254261 2.66131879761815 2.66131879761815 -9999 -9999 -9999 -9999 -9999 2.61074684676714 2.62358980835415 2.63643276994117 2.64927573152818 2.65569721232168 2.64285425073467 2.63001128914766 2.61716832756065 -9999 -9999 -9999 -9999 -9999 -9999 2.71889650030062 2.71889650030062 2.68498080549762 2.65106511069462 2.61714941589162 2.59393039997667 2.60280142072588 2.61167244147509 2.6205434622243 2.5627867220901 2.43840222107247 2.31401772005484 2.1896332190372 -9999 -9999 -9999 -9999 -9999 -9999
3.56408600416034 3.65917204041034 3.75425807666034 3.6357700182125 3.51728195976466 3.39879390131682 3.28122641472146 3.16642064368352 3.05161487264559 2.93680910160765 2.85898082563654 2.81813004473224 2.77727926382795 2.73642848292366 2.69243779499084 2.64740047138184 2.60236314777285 2.55732582416385 2.69643207360059 2.83553832303733 2.97464457247406 3.05113056208938 2.93975577224046 2.82838098239154 2.71700619254261 -9999 -9999 -9999 -9999 -9999 -9999 -9999 2.61074684676714 2.57221796200611 2.53368907724507 2.49516019248404 2.47589575010352 2.51442463486455 2.55295351962559 2.59148240438662 -9999 -9999 -9999 -9999 -9999 -9999 -9999 2.71889650030062 2.65189265599474 2.58488881168887 2.517884967383 2.47961503732949 2.5275468500331 2.57547866273671 2.62341047544032 2.58219781005755 2.4518406665884 2.32148352311924 2.19112637965009 2.1585370937828 2.1585370937828 -9999 -9999 -9999 -9999
3.78155930154026 3.87537145614624 3.96918361075222 3.8413353972137 3.71348718367517 3.58563897013664 3.45045266440138 3.29325208207592 3.13605149975047 2.97885091742501 2.87678382033482 2.82985020847991 2.782916596625 2.73598298477009 2.6749803610146 2.6092880666256 2.54359577223659 2.47790347784758 2.48215268366039 2.4864018894732 2.49065109528601 -9999 -9999 -9999 -9999 -9999 -9999 -9999 -9999 -9999 -9999 -9999 -9999 -9999 2.36994131701067 2.36994131701067 2.36994131701067 2.36994131701067 -9999 -9999 -9999 -9999 -9999 -9999 -9999 -9999 -9999 2.21655468922108 2.24680062755942 2.27704656589776 2.3072925042361 2.34497862006538 2.40498526836745 2.46499191666953 2.52499856497161 2.50213991641067 2.39641597098671 2.29069202556275 2.18496808013879 2.1585370937828 2.1585370937828 -9999 -9999 -9999 -9999
4.0574682187289 4.05785393714905 4.0582396555692 3.94950560107827 3.84077154658735 3.73203749209642 3.6158803361468 3.47745387582108 3.33902741549537 3.20060095516965 3.09654820198193 3.02686915593222 2.9571901098825 2.88751106383279 2.78910157363862 2.68111526872963 2.57312896382064 2.46514265891165 2.47279474977404 2.48044684063643 2.48809893149883 2.49383799964562 2.49383799964562 -9999 -9999 -9999 -9999 -9999 -9999 -9999 -9999 -9999 -9999 -9999 -9999 -9999 -9999 -9999 -9999 -9999 -9999 -9999 -9999 -9999 -9999 -9999 -9999 2.21655468922108 2.20647270977497 2.19639073032886 2.18630875088274 2.19002114818431 2.23511667572893 2.28021220327355 2.32530773081817 2.32261304114945 2.2721281342674 2.22164322738536 2.17115832050331 -9999 -9999 -9999 -9999 -9999 -9999
4.33337713591754 4.24033641815186 4.14729570038617 4.05767580494285 3.96805590949953 3.87843601405621 3.78130800789222 3.66165566956624 3.54200333124027 3.42235099291429 3.31631258362904 3.22388810338452 3.13146362314001 3.03903914289549 2.90322278626263 2.75294247083366 2.60266215540469 2.45238183997571 2.46343681588769 2.47449179179966 2.48554676771164 2.46883617597632 2.36882888129912 2.26882158662193 2.16881429194473 2.09736481192522 2.0544731465634 2.01158148120157 1.96868981583975 1.9887323922012 2.02975304913707 2.07077370607294 -9999 -9999 -9999 -9999 -9999 -9999 -9999 -9999 -9999 -9999 -9999 -9999 -9999 -9999 -9999 -9999 -9999 2.02751757460646 2.02751757460646 2.03506367630325 2.06524808309041 2.09543248987757 2.12561689666472 2.09860516595654 2.01439729775302 1.9301894295495 1.84598156134598 -9999 -9999 -9999 -9999 -9999 -9999
4.59118353109807 4.5517750242725 4.51236651744694 4.43889177683741 4.36541703622788 4.29194229561836 4.20759959192947 4.09065299900249 3.97370640607551 3.85675981314853 3.74225130630657 3.63018088554963 3.5181104647927 3.40604004403576 3.26158575899899 3.10633685253561 2.95108794607222 2.79583903960884 2.74674004688859 2.69764105416834 2.6485420614481 2.57885733875446 2.44741542614065 2.31597351352684 2.18453160091303 2.09736481192522 2.0544731465634 2.01158148120157 1.96868981583975 1.9887323922012 2.02975304913707 2.07077370607294 -9999 -9999 -9999 -9999 -9999 -9999 -9999 -9999 -9999 -9999 -9999 -9999 -9999 -9999 -9999 -9999 -9999 2.02751757460646 2.02751757460646 2.02868106239475 2.03333501354791 2.03798896470107 2.04264291585423 2.01563118514605 1.95695377257653 1.898276360007 1.83959894743748 -9999 -9999 -9999 -9999 -9999 -9999
4.84898992627859 4.86321363039315 4.8774373345077 4.82010774873197 4.76277816295624 4.7054485771805 4.63389117596671 4.51965032843873 4.40540948091075 4.29116863338277 4.1681900289841 4.03647366771474 3.90475730644539 3.77304094517604 3.61994873173535 3.45973123423755 3.29951373673975 3.13929623924196 3.03004327788949 2.92079031653702 2.81153735518456 2.6888785015326 2.52600197098218 2.36312544043176 2.20024890988134 2.09736481192522 2.0544731465634 2.01158148120157 1.96868981583975 1.9887323922012 2.02975304913707 2.07077370607294 2.11179436300881 2.11179436300881 -9999 -9999 -9999 -9999 -9999 -9999 -9999 -9999 -9999 -9999 -9999 -9999 -9999 -9999 -9999 -9999 -9999 2.02229844848625 2.00142194400541 1.98054543952458 1.95966893504374 1.93265720433556 1.89951024740003 1.86636329046451 1.83321633352898 1.8249295942951 1.8249295942951 -9999 -9999 -9999 -9999
4.86591089330614 4.9136874396354 4.96146398596466 4.92466466501355 4.88786534406245 4.85106602311134 4.80510580586269 4.73166289972141 4.65821999358013 4.58477708743885 4.48663395317271 4.36379059078172 4.24094722839072 4.11810386599973 3.97854726947844 3.83341959491372 3.688291920349 3.54316424578428 3.4103565774858 3.27754890918732 3.14474124088883 3.009132550098 2.86512079183012 2.72110903356224 2.57709727529436 2.46798619441688 2.39377579092979 2.31956538744271 2.24535498395562 2.24445366533473 2.26798870833591 2.29152375133708 2.31505879433826 2.43647731700912 2.55789583967999 2.67931436235085 2.7255343075376 2.546158520272 2.3667827330064 2.1874069457408 2.06133147119544 1.98855630937032 1.9157811475452 1.84300598572008 1.80721642216668 1.78375539137051 1.76029436057433 1.73683332977816 1.76495503401384 1.79307673824951 1.82119844248518 1.84545369213447 1.8581095780246 1.87076546391472 1.88342134980485 1.88516932865605 1.87600940046832 1.86684947228059 1.85768954409286 1.86862882040441 1.88626783154905 1.90390684269369 1.92154585383832 1.90955977421254 1.89757369458675
4.6419464321807 4.70319645199925 4.76444647181779 4.75256252568215 4.74067857954651 4.72879463341087 4.72124348161742 4.72669071285054 4.73213794408366 4.73758517531678 4.69758307887241 4.61213165475056 4.5266802306287 4.44122880650684 4.33738137222826 4.22740193456411 4.11742249689996 4.00744305923581 3.88767994567752 3.76791683211923 3.64815371856093 3.53961948445067 3.46477188868448 3.38992429291829 3.31507669715211 3.20922895940021 3.07238107966259 2.93553319992498 2.79868532018736 2.75589621160179 2.74446002673358 2.73302384186536 2.72158765699714 2.73459848295897 2.7476093089208 2.76062013488263 2.7255343075376 2.546158520272 2.3667827330064 2.1874069457408 2.06133147119544 1.98855630937032 1.9157811475452 1.84300598572008 1.80721642216668 1.78375539137051 1.76029436057433 1.73683332977816 1.76495503401384 1.79307673824951 1.82119844248518 1.84390545403585 1.85036838753149 1.85683132102713 1.86329425452277 1.87316755810753 1.88645123178139 1.89973490545526 1.91301857912913 1.91738076880574 1.91876913048327 1.9201574921608 1.92154585383832 1.90955977421254 1.89757369458675
4.41798197105527 4.4927054643631 4.56742895767093 4.58046038635075 4.59349181503057 4.6065232437104 4.63738115737215 4.72171852597967 4.80605589458719 4.89039326319471 4.90853220457211 4.86047271871939 4.81241323286667 4.76435374701396 4.69621547497809 4.62138427421451 4.54655307345092 4.47172187268734 4.36500331386924 4.25828475505114 4.15156619623303 4.07010641880333 4.06442298553884 4.05873955227435 4.05305611900985 3.95047172438353 3.75098636839539 3.55150101240724 3.3520156564191 3.26733875786886 3.22093134513125 3.17452393239364 3.12811651965603 3.03271964890882 2.93732277816162 2.84192590741441 2.7255343075376 2.546158520272 2.3667827330064 2.1874069457408 2.06133147119544 1.98855630937032 1.9157811475452 1.84300598572008 1.80721642216668 1.78375539137051 1.76029436057433 1.73683332977816 1.76495503401384 1.79307673824951 1.82119844248518 1.84235721593723 1.84262719703838 1.84289717813954 1.84316715924069 1.861165787559 1.89689306309447 1.93262033862993 1.9683476141654 1.96613271720707 1.95127042941749 1.93640814162791 1.92154585383832 1.90955977421254 1.89757369458675
4.32666490785778 4.35093839652836 4.37521188519895 4.4020826742053 4.42895346321166 4.45582425221801 4.4878007476218 4.53509436221793 4.58238797681406 4.62968159141019 4.64194175088778 4.61916845524684 4.59639515960589 4.57362186396495 4.53885561134666 4.5000917064026 4.46132780145854 4.42256389651448 4.36953260097653 4.31650130543858 4.26347000990063 4.22092737536877 4.2098507238552 4.19877407234162 4.18769742082804 4.11230680346489 3.97260222025216 3.83289763703942 3.69319305382669 3.6203010356985 3.5696798725985 3.51905870949849 3.46843754639849 3.43827437935397 3.40811121230945 3.37794804526493 3.32132517755963 3.18532320787199 3.04932123818435 2.91331926849671 2.80164380301721 2.71429484174587 2.62694588047452 2.53959691920318 2.49268348468468 2.45924855908379 2.4258136334829 2.39237870788202 2.40523921279237 2.41809971770272 2.43096022261307 2.43371252948418 2.4061402422376 2.37856795499101 2.35099566774443 2.34814181411639 2.37000639410689 2.3918709740974 2.41373555408791 2.43845886178315 2.4641350787133 2.48981129564345 2.5154875125736 2.51787688303739 2.52026625350118
