data/climate/camp/max_temp.asc
NCOLS 360 
NROWS 180 
XLLCORNER -180 
YLLCORNER -90 
CELLSIZE 1 
NODATA_value -9999 
[rows 145 to 173 of 180, columns 260 to 324 of 360]
-9999 -9999 -9999 -9999 -9999 -9999 -9999 -9999 -9999 -9999 -9999 -9999 -9999 -9999 -9999 -9999 -9999 26.1042572021485 26.1365252685547 26.168793334961 26.2010614013672 26.0693961588542 25.4459309895834 24.8224658203125 24.1990006510417 24.1353393554688 24.6314819335938 25.1276245117188 25.6237670898438 26.0362438964844 26.4208321126302 26.8054203287761 27.1900085449219 27.4651110839844 27.7402136230469 28.0153161621094 28.1860245768229 28.0435506184896 27.9010766601563 27.7586027018229 27.7035782877604 27.7360034179688 27.7684285481771 27.8008536783854 27.9048779296875 28.0327685546875 28.1606591796875 28.2885498046875 29.0093961588542 29.7302425130209 30.4510888671875 31.1195007324219 31.6306091308594 32.1417175292969 32.6528259277344 32.9257067871094 32.9603601074219 32.9950134277344 33.0296667480469 33.1373974609375 33.2694873046875 33.4015771484375 33.5336669921875 33.4324235026042 33.3311800130209
-9999 -9999 -9999 -9999 -9999 -9999 -9999 -9999 -9999 -9999 -9999 -9999 -9999 -9999 -9999 -9999 -9999 26.1042572021485 26.093501180013 26.0827451578776 26.0719891357422 25.9694759114584 25.5916910807292 25.21390625 24.8361214192709 24.8419067382813 25.2312622070313 25.6206176757813 26.0099731445313 26.2808752441406 26.5122928873698 26.743710530599 26.9751281738281 27.371073811849 27.7670194498698 28.1629650878906 28.4380053710938 28.3503295898438 28.2626538085938 28.1749780273438 28.1941333007813 28.3201196289063 28.4461059570313 28.5720922851563 28.6742041015625 28.7683577473959 28.8625113932292 28.9566650390625 29.3916813151042 29.8266975911459 30.2617138671875 30.6932230631511 31.1142110188802 31.5351989746094 31.9561869303386 32.0554935709636 31.8331188964844 31.6107442220052 31.3883695475261 31.632822265625 32.0328841145834 32.4329459635417 32.8330078125 32.6048470052084 32.3766861979167
-9999 -9999 -9999 -9999 -9999 -9999 -9999 -9999 -9999 -9999 -9999 -9999 -9999 -9999 -9999 -9999 -9999 -9999 -9999 25.9025817871094 25.9025817871094 25.8695556640625 25.737451171875 25.6053466796875 25.4732421875 25.5484741210938 25.8310424804688 26.1136108398438 26.3961791992188 26.5255065917969 26.6037536621094 26.6820007324219 26.7602478027344 27.2770365397136 27.7938252766927 28.3106140136719 28.6899861653646 28.6571085611979 28.6242309570313 28.5913533528646 28.6846883138021 28.9042358398438 29.1237833658854 29.3433308919271 29.4435302734375 29.5039469401042 29.5643636067709 29.6247802734375 29.7739664713542 29.9231526692709 30.0723388671875 30.2669453938802 30.5978129069011 30.9286804199219 31.2595479329427 31.1852803548177 30.7058776855469 30.2264750162761 29.7470723470052 30.1282470703125 30.7962809244792 31.4643147786459 32.1323486328125 31.7772705078125 31.4221923828125
-9999 -9999 -9999 -9999 -9999 -9999 -9999 -9999 -9999 -9999 -9999 -9999 -9999 -9999 -9999 -9999 -9999 -9999 -9999 25.9025817871094 25.9025817871094 25.9063704427084 25.9215250651042 25.9366796875 25.9518343098959 26.0194051106771 26.1393920898438 26.2593790690104 26.3793660481771 26.3919445800781 26.368720296224 26.3454960123698 26.3222717285156 26.8625402832032 27.4028088378906 27.9430773925781 28.3160131835938 28.1869506835938 28.0578881835938 27.9288256835938 28.0688175455729 28.4778637695313 28.8869099934896 29.2959562174479 29.4435302734375 29.5039469401042 29.5643636067709 29.6247802734375 29.7739664713542 29.9231526692709 30.0723388671875 30.1750858561198 30.138515218099 30.1019445800781 30.0653739420573 29.9582971191406 29.7807141113281 29.6031311035156 29.4255480957031 29.6628540039063 30.0384562174479 30.4140584309896 30.7896606445313 30.7926326497396 30.7956046549479
-9999 -9999 -9999 -9999 -9999 -9999 -9999 -9999 -9999 -9999 -9999 -9999 -9999 -9999 -9999 -9999 -9999 -9999 -9999 -9999 -9999 25.9431852213542 26.1055989583334 26.2680126953125 26.4304264322917 26.4903361002604 26.4477416992188 26.4051472981771 26.3625528971354 26.2583825683594 26.1336869303386 26.0089912923177 25.8842956542969 26.4480440266927 27.0117923990886 27.5755407714844 27.9420402018229 27.7167928059896 27.4915454101563 27.2662980143229 27.4529467773438 28.0514916992188 28.6500366210938 29.2485815429688 29.4435302734375 29.5039469401042 29.5643636067709 29.6247802734375 29.7739664713542 29.9231526692709 30.0723388671875 30.0832263183594 29.6792175292969 29.2752087402344 28.8711999511719 28.7313138834636 28.8555505371094 28.9797871907552 29.1040238444011 29.1974609375 29.2806315104167 29.3638020833334 29.44697265625 29.8079947916667 30.1690169270834
-9999 -9999 -9999 -9999 -9999 -9999 -9999 -9999 -9999 -9999 -9999 -9999 -9999 -9999 -9999 -9999 -9999 -9999 -9999 -9999 -9999 26.0556005859375 26.1776245117188 26.2996484375 26.4216723632813 26.4614164225261 26.4188806152344 26.3763448079427 26.3338090006511 26.1916015625 26.0161702473959 25.8407389322917 25.6653076171875 26.2407958984375 26.8162841796875 27.3917724609375 27.7550537109375 27.4817138671875 27.2083740234375 26.9350341796875 26.7983642578125 26.7983642578125 -9999 -9999 -9999 -9999 -9999 -9999 -9999 -9999 -9999 -9999 -9999 27.9802490234375 27.9802490234375 28.117822265625 28.39296875 28.668115234375 28.94326171875 28.9647644042969 28.9017191569011 28.8386739095052 28.7756286621094 28.7756286621094 -9999
-9999 -9999 -9999 -9999 -9999 -9999 -9999 -9999 -9999 -9999 -9999 -9999 -9999 -9999 -9999 -9999 -9999 -9999 -9999 -9999 -9999 26.0149259440104 25.9742513020834 25.9335766601563 25.8929020182292 25.932646077474 26.0528088378906 26.1729715983073 26.293134358724 26.1916015625 26.0161702473959 25.8407389322917 25.6653076171875 26.2407958984375 26.8162841796875 27.3917724609375 27.7550537109375 27.4817138671875 27.2083740234375 26.9350341796875 -9999 -9999 -9999 -9999 -9999 -9999 -9999 -9999 -9999 -9999 -9999 -9999 -9999 -9999 -9999 28.117822265625 28.39296875 28.668115234375 28.94326171875 28.9647644042969 28.9017191569011 28.8386739095052 -9999 -9999 -9999
-9999 -9999 -9999 -9999 -9999 -9999 -9999 -9999 -9999 -9999 -9999 -9999 -9999 -9999 -9999 -9999 -9999 -9999 -9999 -9999 -9999 -9999 -9999 25.2624450683594 25.2624450683594 25.2624450683594 25.2624450683594 -9999 -9999 -9999 -9999 -9999 -9999 -9999 -9999 -9999 -9999 -9999 -9999 -9999 -9999 -9999 -9999 -9999 -9999 -9999 -9999 -9999 -9999 -9999 -9999 -9999 -9999 -9999 -9999 -9999 -9999 -9999 -9999 -9999 -9999 -9999 -9999 -9999 -9999
-9999 -9999 -9999 -9999 -9999 -9999 -9999 -9999 -9999 -9999 -9999 -9999 -9999 -9999 -9999 -9999 -9999 -9999 -9999 -9999 -9999 -9999 -9999 25.2624450683594 25.2624450683594 25.2624450683594 25.2624450683594 -9999 -9999 -9999 -9999 -9999 -9999 -9999 -9999 -9999 -9999 -9999 -9999 -9999 -9999 -9999 -9999 -9999 -9999 -9999 -9999 -9999 -9999 -9999 -9999 -9999 -9999 -9999 -9999 -9999 -9999 -9999 -9999 -9999 -9999 -9999 -9999 -9999 -9999
-9999 -9999 -9999 -9999 -9999 -9999 -9999 -9999 -9999 -9999 -9999 -9999 -9999 -9999 -9999 -9999 -9999 -9999 -9999 -9999 -9999 -9999 -9999 -9999 -9999 -9999 -9999 -9999 -9999 -9999 -9999 -9999 -9999 -9999 -9999 -9999 -9999 -9999 -9999 -9999 -9999 -9999 -9999 -9999 -9999 -9999 -9999 -9999 -9999 -9999 -9999 -9999 -9999 -9999 -9999 -9999 -9999 -9999 -9999 -9999 -9999 -9999 -9999 -9999 -9999
-9999 -9999 -9999 -9999 -9999 -9999 -9999 -9999 -9999 -9999 -9999 -9999 -9999 -9999 -9999 -9999 -9999 -9999 -9999 -9999 -9999 -9999 -9999 -9999 -9999 -9999 -9999 -9999 -9999 -9999 -9999 -9999 -9999 -9999 -9999 -9999 -9999 -9999 -9999 -9999 -9999 -9999 -9999 -9999 -9999 -9999 -9999 -9999 -9999 -9999 -9999 -9999 -9999 -9999 -9999 -9999 -9999 -9999 -9999 -9999 -9999 -9999 -9999 -9999 -9999
-9999 -9999 -9999 -9999 -9999 -9999 -9999 -9999 -9999 -9999 -9999 -9999 -9999 -9999 -9999 -9999 -9999 -9999 -9999 -9999 -9999 -9999 -9999 -9999 -9999 -9999 -9999 -9999 -9999 -9999 -9999 -9999 -9999 -9999 -9999 -9999 -9999 -9999 -9999 -9999 -9999 -9999 -9999 -9999 -9999 -9999 -9999 -9999 -9999 -9999 -9999 -9999 -9999 -9999 -9999 -9999 -9999 -9999 -9999 -9999 -9999 -9999 -9999 -9999 -9999
-9999 -9999 -9999 -9999 -9999 -9999 -9999 -9999 -9999 -9999 25.7469970703125 25.661962890625 25.5769287109375 25.49189453125 25.3642395019532 25.2223775227865 25.0805155436198 24.9386535644532 24.7114969889323 24.4843404134115 24.2571838378907 24.1098022460938 24.2017456054688 24.2936889648438 24.3856323242188 -9999 -9999 -9999 -9999 -9999 -9999 -9999 -9999 -9999 -9999 -9999 25.8973470052084 25.5388834635417 25.180419921875 24.8219563802084 24.7681355794271 25.0189575195313 25.2697794596354 25.5206013997396 25.5978454589844 25.6172302246094 25.6366149902344 25.6559997558594 25.6112162272136 25.5664326985677 25.5216491699219 25.4409871419271 25.2526896158854 25.0643920898438 24.8760945638021 24.6855590820313 24.4927856445313 24.3000122070313 24.1072387695313 24.08271484375 24.1142740885417 24.1458333333334 -9999 -9999 -9999
-9999 -9999 -9999 -9999 -9999 -9999 -9999 -9999 -9999 -9999 25.7469970703125 25.661962890625 25.5769287109375 25.49189453125 25.3642395019532 25.2223775227865 25.0805155436198 24.9386535644531 24.7114969889323 24.4843404134115 24.2571838378907 24.1098022460938 24.2017456054688 24.2936889648438 24.3856323242188 -9999 -9999 -9999 -9999 -9999 -9999 -9999 -9999 -9999 -9999 -9999 25.8973470052084 25.5388834635417 25.180419921875 24.8219563802084 24.7681355794271 25.0189575195313 25.2697794596354 25.5206013997396 25.5978454589844 25.6172302246094 25.6366149902344 25.6559997558594 25.6112162272136 25.5664326985677 25.5216491699219 25.4409871419271 25.2526896158854 25.0643920898438 24.8760945638021 24.6855590820313 24.4927856445313 24.3000122070313 24.1072387695313 24.08271484375 24.1142740885417 24.1458333333334 -9999 -9999 -9999
-9999 -9999 -9999 -9999 -9999 -9999 -9999 -9999 25.7895141601563 25.7895141601563 25.7469970703125 25.661962890625 25.5769287109375 25.49189453125 25.3642395019532 25.2223775227865 25.0805155436198 24.9386535644532 24.7114969889323 24.4843404134115 24.2571838378907 24.1098022460938 24.2017456054688 24.2936889648438 24.3856323242188 24.4316040039063 24.4316040039063 -9999 -9999 -9999 -9999 -9999 -9999 -9999 25.986962890625 25.986962890625 25.8973470052084 25.5388834635417 25.180419921875 24.8219563802084 24.7681355794271 25.0189575195313 25.2697794596354 25.5206013997396 25.5978454589844 25.6172302246094 25.6366149902344 25.6559997558594 25.6112162272136 25.5664326985677 25.5216491699219 25.4409871419271 25.2526896158854 25.0643920898438 24.8760945638021 24.6855590820313 24.4927856445313 24.3000122070313 24.1072387695313 24.08271484375 24.1142740885417 24.1458333333334 24.177392578125 24.177392578125 -9999
-9999 -9999 25.5040832519531 25.5654276529948 25.6267720540365 25.6881164550781 25.73826171875 25.7548095703125 25.771357421875 25.7879052734375 25.7553238932292 25.67361328125 25.5919026692709 25.5101920572917 25.4021899414063 25.2854239908854 25.1686580403646 25.0518920898438 24.8457918294271 24.6396915690104 24.4335913085938 24.2954309082031 24.3610900878906 24.4267492675781 24.4924084472656 24.54396484375 24.5814184570313 24.6188720703125 24.6563256835938 -9999 -9999 -9999 25.90224609375 25.91580078125 25.92935546875 25.94291015625 25.8657194010417 25.5162923177084 25.166865234375 24.8174381510417 24.7681355794271 25.0189575195313 25.2697794596354 25.5206013997396 25.5784423828125 25.5719563802084 25.5654703776042 25.558984375 25.5405045572917 25.5220247395834 25.503544921875 25.4381339518229 25.2319295247396 25.0257250976563 24.8195206705729 24.6287687174479 24.4534692382813 24.2781697591146 24.1028702799479 24.08271484375 24.1142740885417 24.1458333333334 24.177392578125 24.177392578125 -9999
-9999 25.5040832519531 25.5040832519531 25.5654276529948 25.6267720540365 25.6881164550781 25.739150390625 25.7592529296875 25.77935546875 25.7994580078125 25.7719775390625 25.6969140625 25.6218505859375 25.546787109375 25.4780908203125 25.4115169270834 25.3449430338542 25.278369140625 25.1143815104167 24.9503938802084 24.78640625 24.6666882324219 24.6797790527344 24.6928698730469 24.7059606933594 24.7062638346354 24.693779296875 24.6812947591146 24.6688102213542 -9999 -9999 -9999 25.90224609375 25.8977278645834 25.8932096354167 25.88869140625 25.8024641927084 25.4711100260417 25.139755859375 24.8084016927084 24.7681355794271 25.0189575195313 25.2697794596354 25.5206013997396 25.5396362304688 25.4814086914063 25.4231811523438 25.3649536132813 25.3990812174479 25.4332088216146 25.4673364257813 25.4324275716146 25.1904093424479 24.9483911132813 24.7063728841146 24.5151879882813 24.3748364257813 24.2344848632813 24.0941333007813 24.08271484375 24.1142740885417 24.1458333333334 -9999 -9999 -9999
24.9703104654948 25.237196858724 25.5040832519531 25.5654276529948 25.6267720540365 25.6881164550781 25.7400390625 25.7636962890625 25.787353515625 25.8110107421875 25.7886311848959 25.72021484375 25.6517985026042 25.5833821614584 25.5539916992188 25.5376098632813 25.5212280273438 25.5048461914063 25.3829711914063 25.2610961914063 25.1392211914063 25.0379455566406 24.9984680175781 24.9589904785156 24.9195129394531 24.8997741699219 24.8997741699219 -9999 -9999 -9999 -9999 -9999 25.826791381836 25.824321492513 25.8218516031901 25.8193817138672 25.8181467692058 25.8206166585287 25.8230865478516 25.8255564371745 -9999 -9999 -9999 -9999 -9999 -9999 25.1709228515625 25.1709228515625 25.2576578776042 25.3443929036459 25.4311279296875 25.4267211914063 25.1488891601563 24.8710571289063 24.5932250976563 24.4594441731771 24.4697143554688 24.4799845377604 24.4902547200521 -9999 -9999 -9999 -9999 -9999 -9999
24.7088244628906 24.8262902832031 24.9437561035156 24.9664514160156 24.9891467285156 25.0118420410156 25.0395906575521 25.0824991861979 25.1254077148438 25.1683162434896 25.1972973632813 25.2123510742188 25.2274047851563 25.2424584960938 25.3033911132813 25.3796166992188 25.4558422851563 25.5320678710938 25.4029337565104 25.2737996419271 25.1446655273438 25.0379455566406 24.9984680175781 24.9589904785156 24.9195129394531 24.8997741699219 24.8997741699219 -9999 -9999 -9999 -9999 -9999 25.826791381836 25.8262974039714 25.8258034261068 25.8253094482422 25.8250624593099 25.8255564371745 25.8260504150391 25.8265443929037 -9999 -9999 -9999 -9999 -9999 -9999 25.1709228515625 25.1709228515625 25.2060888671875 25.2412548828125 25.2764208984375 25.251826171875 25.04794921875 24.844072265625 24.6401953125 24.5321988932292 24.5200830078125 24.5079671223959 24.4958512369792 -9999 -9999 -9999 -9999 -9999 -9999
24.4473384602865 24.4153837076823 24.3834289550781 24.3674751790365 24.3515214029948 24.3355676269532 24.3391422526042 24.4013020833334 24.4634619140625 24.5256217447917 24.6059635416667 24.7044873046875 24.8030110677084 24.9015348307292 25.0527905273438 25.2216235351563 25.3904565429688 25.5592895507813 25.4228963216146 25.2865030924479 25.1501098632813 25.0379455566406 24.9984680175781 24.9589904785156 24.9195129394531 -9999 -9999 -9999 -9999 -9999 -9999 -9999 25.826791381836 25.8282733154297 25.8297552490235 25.8312371826172 25.8319781494141 25.8304962158203 25.8290142822266 25.8275323486328 -9999 -9999 -9999 -9999 -9999 -9999 -9999 25.1709228515625 25.1545198567709 25.1381168619792 25.1217138671875 25.0769311523438 24.9470092773438 24.8170874023438 24.6871655273438 24.6049536132813 24.5704516601563 24.5359497070313 24.5014477539063 24.492822265625 24.492822265625 -9999 -9999 -9999 -9999
24.1782934570313 24.0890795898438 23.9998657226563 23.9678491210938 23.9358325195313 23.9038159179688 23.8921451822917 23.9415120442709 23.99087890625 24.0402457682292 24.1315625 24.2648291015625 24.398095703125 24.5313623046875 24.7216931152344 24.9310453287761 25.1403975423177 25.3497497558594 25.1085974121094 24.8674450683594 24.6262927246094 -9999 -9999 -9999 -9999 -9999 -9999 -9999 -9999 -9999 -9999 -9999 -9999 -9999 25.8360534667969 25.8360534667969 25.8360534667969 25.8360534667969 -9999 -9999 -9999 -9999 -9999 -9999 -9999 -9999 -9999 24.9619384765625 24.9700634765625 24.9781884765625 24.9863134765625 24.9833365885417 24.9470540364584 24.910771484375 24.8744889322917 24.8078776041667 24.7109375 24.6139973958334 24.5170572916667 24.492822265625 24.492822265625 -9999 -9999 -9999 -9999
23.901689453125 23.8473779296875 23.79306640625 23.7675732421875 23.742080078125 23.7165869140625 23.6985994466146 23.7031290690104 23.7076586914063 23.7121883138021 23.7740942382813 23.8933764648438 24.0126586914063 24.1319409179688 24.3100988769531 24.5078820800781 24.7056652832032 24.9034484863281 24.7813098144532 24.6591711425781 24.5370324707031 24.4454284667969 24.4454284667969 -9999 -9999 -9999 -9999 -9999 -9999 -9999 -9999 -9999 -9999 -9999 -9999 -9999 -9999 -9999 -9999 -9999 -9999 -9999 -9999 -9999 -9999 -9999 -9999 24.9619384765625 24.9592301432292 24.9565218098959 24.9538134765625 24.9710424804688 25.0480834960938 25.1251245117188 25.2021655273438 25.1409708658854 24.9415405273438 24.7421101888021 24.5426798502604 -9999 -9999 -9999 -9999 -9999 -9999
23.6250854492188 23.6056762695313 23.5862670898438 23.5672973632813 23.5483276367188 23.5293579101563 23.5050537109375 23.46474609375 23.4244384765625 23.384130859375 23.4166259765625 23.521923828125 23.6272216796875 23.73251953125 23.8985046386719 24.0847188313802 24.2709330240886 24.4571472167969 24.4540222167969 24.4508972167969 24.4477722167969 24.4374532063802 24.4055521647136 24.3736511230469 24.3417500813802 24.5218241373698 24.9138732910156 25.3059224446615 25.6979715983073 25.9423156738281 26.1374247233073 26.3325337727865 -9999 -9999 -9999 -9999 -9999 -9999 -9999 -9999 -9999 -9999 -9999 -9999 -9999 -9999 -9999 -9999 -9999 24.9111572265625 24.9111572265625 24.9587483723959 25.1491129557292 25.3394775390625 25.5298421223959 25.7266560872396 25.9299194335938 26.1331827799479 26.3364461263021 -9999 -9999 -9999 -9999 -9999 -9999
23.4309513346354 23.4573396809896 23.4837280273438 23.4685245768229 23.4533211263021 23.4381176757813 23.4118693033854 23.3524861653646 23.2931030273438 23.2337198893229 23.2381762695313 23.3064721679688 23.3747680664063 23.4430639648438 23.5924694824219 23.7689115397136 23.9453535970052 24.1217956542969 24.1741068522136 24.2264180501302 24.2787292480469 24.3184851074219 24.3205749511719 24.3226647949219 24.3247546386719 24.5218241373698 24.9138732910156 25.3059224446615 25.6979715983073 25.9423156738281 26.1374247233073 26.3325337727865 -9999 -9999 -9999 -9999 -9999 -9999 -9999 -9999 -9999 -9999 -9999 -9999 -9999 -9999 -9999 -9999 -9999 24.9111572265625 24.9111572265625 24.9881941731771 25.2963419596354 25.6044897460938 25.9126375325521 26.1094514973959 26.194931640625 26.2804117838542 26.3658919270834 -9999 -9999 -9999 -9999 -9999 -9999
23.2368172200521 23.3090030924479 23.3811889648438 23.3697517903646 23.3583146158854 23.3468774414063 23.3186848958334 23.2402262369792 23.161767578125 23.0833089192709 23.0597265625 23.0910205078125 23.122314453125 23.1536083984375 23.2864343261719 23.4531042480469 23.6197741699219 23.7864440917969 23.8941914876302 24.0019388834636 24.1096862792969 24.1995170084636 24.2355977376302 24.2716784667969 24.3077591959636 24.5218241373698 24.9138732910156 25.3059224446615 25.6979715983073 25.9423156738281 26.1374247233073 26.3325337727865 26.5276428222656 26.5276428222656 -9999 -9999 -9999 -9999 -9999 -9999 -9999 -9999 -9999 -9999 -9999 -9999 -9999 -9999 -9999 -9999 -9999 25.0176399739584 25.4435709635417 25.869501953125 26.2954329427084 26.4922469075521 26.4599438476563 26.4276407877604 26.3953377278646 26.3872619628906 26.3872619628906 -9999 -9999 -9999 -9999
23.1007295735677 23.2055619303386 23.3103942871094 23.2928096516927 23.2752250162761 23.2576403808594 23.2213309733073 23.128847249349 23.0363635253906 22.9438798014323 22.9073091634115 22.9266516113281 22.9459940592448 22.9653365071615 23.085263671875 23.2387190755209 23.3921744791667 23.5456298828125 23.6898909505209 23.8341520182292 23.9784130859375 24.1118184407552 24.2126566569011 24.3134948730469 24.4143330891927 24.6688505045573 25.0770471191407 25.485243733724 25.8934403483073 26.1338256835938 26.3182739257813 26.5027221679688 26.6871704101563 26.3419523111979 25.9967342122396 25.6515161132813 25.3679972330729 25.2695760091146 25.1711547851563 25.0727335611979 25.0090535481771 24.9801147460938 24.9511759440104 24.9222371419271 24.8993286132813 24.8784301757813 24.8575317382813 24.8366333007813 25.0198364257813 25.2030395507813 25.3862426757813 25.6331302897136 26.0710713704427 26.5090124511719 26.9469535319011 27.1264961751302 27.0476403808594 26.9687845865886 26.8899287923177 26.8025 26.7122135416667 26.6219270833334 26.531640625 26.3037923177084 26.0759440104167
23.0226883951823 23.1470161946615 23.2713439941407 23.2376981608073 23.204052327474 23.1704064941406 23.1198075358073 23.018349202474 22.9168908691406 22.8154325358073 22.7809240722656 22.8133654785156 22.8458068847656 22.8782482910156 22.9889575195313 23.1257560221354 23.2625545247396 23.3993530273438 23.5612052408854 23.7230574544271 23.8849096679688 24.0553894042969 24.2517517089844 24.4481140136719 24.6444763183594 24.9629032389323 25.4033947753907 25.843886311849 26.2843778483073 26.516845703125 26.6799723307292 26.8430989583334 27.0062255859375 26.5759261067709 26.1456266276042 25.7153271484375 25.3679972330729 25.2695760091146 25.1711547851563 25.0727335611979 25.0090535481771 24.9801147460938 24.9511759440104 24.9222371419271 24.8993286132813 24.8784301757813 24.8575317382813 24.8366333007813 25.0198364257813 25.2030395507813 25.3862426757813 25.6913545735677 26.3621927897136 27.0330310058594 27.7038692220052 28.0121993001302 27.9580212402344 27.9038431803386 27.8496651204427 27.575224609375 27.22736328125 26.879501953125 26.531640625 26.3037923177084 26.0759440104167
22.9446472167969 23.0884704589844 23.2322937011719 23.1825866699219 23.1328796386719 23.0831726074219 23.0182840983073 22.907851155599 22.7974182128906 22.6869852701823 22.6545389811198 22.7000793457031 22.7456197102865 22.7911600748698 22.8926513671875 23.01279296875 23.1329345703125 23.253076171875 23.43251953125 23.611962890625 23.79140625 23.9989603678386 24.2908467610677 24.5827331542969 24.8746195475261 25.2569559733073 25.7297424316406 26.202528889974 26.6753153483073 26.8998657226563 27.0416707356771 27.1834757486979 27.3252807617188 26.8098999023438 26.2945190429688 25.7791381835938 25.3679972330729 25.2695760091146 25.1711547851563 25.0727335611979 25.0090535481771 24.9801147460938 24.9511759440104 24.9222371419271 24.8993286132813 24.8784301757813 24.8575317382813 24.8366333007813 25.0198364257813 25.2030395507813 25.3862426757813 25.7495788574219 26.6533142089844 27.5570495605469 28.4607849121094 28.8979024251302 28.8684020996094 28.8389017740886 28.8094014485677 28.34794921875 27.7425130208334 27.1370768229167 26.531640625 26.3037923177084 26.0759440104167
22.9481921386719 23.1407067871094 23.3332214355469 23.3779870605469 23.4227526855469 23.4675183105469 23.4951721191406 23.4714904785156 23.4478088378906 23.4241271972656 23.4408833821615 23.4980773925781 23.5552714029948 23.6124654134115 23.7059545898438 23.8115421549479 23.9171297200521 24.0227172851563 24.1719881184896 24.3212589518229 24.4705297851563 24.6485754394531 24.9129455566406 25.1773156738282 25.4416857910157 25.7801534016927 26.1927185058594 26.6052836100261 27.0178487141927 27.2117041015625 27.33265625 27.4536083984375 27.574560546875 27.147724609375 26.720888671875 26.294052734375 25.9677270507813 25.9429321289063 25.9181372070313 25.8933422851563 25.8967537434896 25.9283715820313 25.9599894205729 25.9916072591146 25.9587133789063 25.9043155924479 25.8499178059896 25.7955200195313 25.8852107747396 25.9749015299479 26.0645922851563 26.3079927571615 27.0125223795573 27.7170520019531 28.421581624349 28.7807010904948 28.7944104003906 28.8081197102865 28.8218290201823 28.4619921875 27.9776399739584 27.4932877604167 27.008935546875 26.8254622395834 26.6419889322917
