data/climate/camp/min_precip.asc
NCOLS 360 
NROWS 180 
XLLCORNER -180 
YLLCORNER -90 
CELLSIZE 1 
NODATA_value -9999 
[rows 140 to 167 of 180, columns 256 to 319 of 360]
-9999 -9999 -9999 -9999 -9999 -9999 -9999 -9999 -9999 -9999 -9999 -9999 -9999 -9999 -9999 -9999 -9999 -9999 -9999 -9999 -9999 -9999 -9999 -9999 -9999 3.6024432987906 3.71322444872931 3.82400559866801 3.93478674860671 3.89204109599814 3.69576864084229 3.49949618568644 3.30322373053059 3.26462263148278 3.27857865113765 3.29253467079252 3.30649069044739 3.40323272254318 3.49997475463897 3.59671678673476 3.6966095615644 3.8059545645956 3.91529956762679 4.02464457065798 3.9614876259584 3.72582873352803 3.49016984109767 3.2545109486673 3.30416441056877 3.44892199058086 3.59367957059294 3.73843715060502 3.48230825085193 3.22617935109884 2.97005045134574 2.78062980179675 2.79133390286006 2.80203800392337 2.81274210498668 2.72698435583152 2.54476475645788 2.36254515708424 2.1803255577106 2.26201145583764
-9999 -9999 -9999 -9999 -9999 -9999 -9999 -9999 -9999 -9999 -9999 -9999 -9999 -9999 -9999 -9999 -9999 -9999 -9999 -9999 -9999 -9999 -9999 3.57474801130593 3.57474801130593 3.59564794739708 3.6792476917617 3.76284743612632 3.84644718049094 3.86228130804375 3.81034981878474 3.75841832952574 3.70648684026673 3.58894807007164 3.44954020623118 3.31013234239072 3.17072447855026 3.29462914075702 3.41853380296379 3.54243846517056 3.61425596731715 3.52981198928319 3.44536801124923 3.36092403321527 3.30702637578361 3.28367503895424 3.26032370212488 3.23697236529551 3.22533841989934 3.21761027164757 3.2098821233958 3.20215397514403 3.00489238835871 2.8076308015734 2.61036921478808 2.46938877808861 2.4972517916467 2.52511480520479 2.55297781876288 2.52292480668984 2.43495576898567 2.3469867312815 2.25901769357733 2.30023441789672
-9999 -9999 -9999 -9999 -9999 -9999 -9999 -9999 -9999 -9999 -9999 -9999 -9999 -9999 -9999 -9999 -9999 -9999 -9999 -9999 -9999 3.32614338258281 3.39243795024231 3.45873251790181 3.52502708556131 3.58885259600356 3.6452709347941 3.70168927358463 3.75810761237517 3.83252152008936 3.9249309967272 4.01734047336504 4.10974995000288 3.9132735086605 3.6205017613247 3.32773001398891 3.03495826665312 3.18602555897087 3.33709285128862 3.48816014360636 3.5319023730699 3.25366941397078 2.97543645487167 2.69720349577256 2.65256512560882 2.84152134438045 3.03047756315209 3.21943378192373 3.14651242922992 2.98629855271429 2.82608467619866 2.66587079968303 2.5274765258655 2.38908225204796 2.25068797823042 2.15814775438048 2.20316968043335 2.24819160648622 2.29321353253908 2.31886525754817 2.32514678151347 2.33142830547877 2.33770982944407 2.3384573799558
-9999 -9999 -9999 -9999 -9999 -9999 -9999 -9999 -9999 -9999 -9999 -9999 -9999 -9999 -9999 -9999 -9999 -9999 -9999 -9999 -9999 3.32614338258281 3.33940229611471 3.35266120964661 3.36592012317851 3.41557483607903 3.57441694708541 3.73325905809179 3.89210116909817 3.9167064554058 3.80707491701469 3.69744337862357 3.58781184023246 3.41196317458525 3.21404213318601 3.01612109178677 2.81820005038753 2.92839377978817 3.0385875091888 3.14878123858944 3.20183069980703 3.08344735647552 2.965064013144 2.84668066981249 2.81589126563631 2.87269580061547 2.92950033559464 2.9863048705738 2.93157100304961 2.8396576680243 2.74774433299899 2.65583099797368 2.53419989347458 2.41256878897548 2.29093768447638 2.20611491356976 2.23171714344062 2.25731937331147 2.28292160318233 2.29020712827332 2.27917594858445 2.26814476889558 2.25711358920671 2.25958034349605
-9999 -9999 -9999 -9999 -9999 -9999 -9999 -9999 -9999 -9999 -9999 -9999 -9999 -9999 -9999 -9999 -9999 -9999 -9999 -9999 -9999 3.32614338258281 3.28636664198712 3.24658990139142 3.20681316079572 3.2422970761545 3.50356295937672 3.76482884259894 4.02609472582117 4.00089139072224 3.68921883730218 3.37754628388211 3.06587373046204 2.91065284051001 2.80758250504732 2.70451216958463 2.60144183412194 2.67076200060546 2.74008216708899 2.80940233357251 2.87175902654417 2.91322529898025 2.95469157141633 2.99615784385242 2.9792174056638 2.9038702568505 2.82852310803719 2.75317595922388 2.71662957686931 2.69301678333431 2.66940398979932 2.64579119626433 2.54092326108366 2.436055325903 2.33118739072233 2.25408207275905 2.26026460644789 2.26644714013673 2.27262967382558 2.26154899899848 2.23320511565544 2.2048612323124 2.17651734896936 2.18070330703631
-9999 -9999 -9999 -9999 -9999 -9999 -9999 -9999 -9999 -9999 -9999 -9999 -9999 -9999 -9999 -9999 -9999 -9999 -9999 -9999 -9999 2.93611331144348 2.95874138223007 2.98136945301667 3.00399752380326 3.08389853965491 3.33561839070171 3.58733824174851 3.83905809279531 3.78989391820505 3.43984571797773 3.08979751775041 2.73974931752309 2.62768507841974 2.59494882635772 2.5622125742957 2.52947632223368 2.54351922031492 2.55756211839616 2.57160501647741 2.60705948830582 2.70674868137576 2.80643787444569 2.90612706751563 2.88831149158068 2.75299114664085 2.61767080170102 2.4823504567612 2.45755242020823 2.46959515311755 2.48163788602687 2.4936806189362 2.42468257737346 2.35568453581072 2.28668649424799 2.23011005809531 2.21079843817279 2.19148681825027 2.17217519832775 2.17837374983355 2.21008247276768 2.24179119570181 2.27349991863593 2.24249649303965
-9999 -9999 -9999 -9999 -9999 -9999 -9999 -9999 -9999 -9999 -9999 -9999 -9999 -9999 -9999 -9999 -9999 -9999 -9999 -9999 -9999 2.93611331144348 2.92857062118128 2.92102793091908 2.91348524065688 2.94037922658026 3.07058324106038 3.20078725554049 3.3309912700206 3.28371403785422 3.05895555904135 2.83419708022848 2.6094386014156 2.56305988831446 2.57614109711722 2.58922230591998 2.60230351472273 2.54666543891653 2.49102736311033 2.43538928730413 2.40773208509199 2.46401750366203 2.52030292223208 2.57658834080212 2.54317352338694 2.42005846998654 2.29694341658615 2.17382836318575 2.15433953306638 2.16939277737401 2.18444602168165 2.19949926598929 2.18547784234397 2.17145641869865 2.15743499505334 2.13419886957854 2.08331863861531 2.03243840765208 1.98155817668885 2.04068138077855 2.20980801992118 2.37893465906382 2.54806129820645 2.44495990150608
-9999 -9999 -9999 -9999 -9999 -9999 -9999 -9999 -9999 -9999 -9999 -9999 -9999 -9999 -9999 -9999 -9999 -9999 -9999 -9999 -9999 -9999 -9999 2.79468786902726 2.79468786902726 2.79685991350561 2.80554809141904 2.81423626933247 2.8229244472459 2.7775341575034 2.67806540010497 2.57859664270654 2.47912788530812 2.49843469820917 2.55733336787671 2.61623203754425 2.67513070721179 2.54981165751815 2.4244926078245 2.29917355813086 2.20840468187816 2.22128632594831 2.23416797001846 2.24704961408861 2.1980355551932 2.08712579333223 1.97621603147127 1.8653062696103 1.85112664592452 1.86919040163048 1.88725415733643 1.90531791304238 1.94627310731448 1.98722830158658 2.02818349585868 2.03828768106177 1.95583883905783 1.87338999705389 1.79094115504995 1.90298901172355 2.20953356707469 2.51607812242582 2.82262267777696 2.64742330997251
-9999 -9999 -9999 -9999 -9999 -9999 -9999 -9999 -9999 -9999 -9999 -9999 -9999 -9999 -9999 -9999 -9999 -9999 -9999 -9999 -9999 -9999 -9999 2.79468786902726 2.79468786902726 2.78222385747358 2.73236781125888 2.68251176504418 2.63265571882948 2.57644207030535 2.51387081947178 2.45129956863821 2.38872831780463 2.43262485601008 2.51201065722853 2.59139645844698 2.67078225966543 2.47984222881496 2.28890219796449 2.09796216711402 1.94630217156373 1.91248228191398 1.87866239226423 1.84484250261448 1.82921872730367 1.83179106633179 1.83436340535991 1.83693574438803 1.85112664592452 1.86919040163048 1.88725415733643 1.90531791304238 1.94627310731448 1.98722830158658 2.02818349585868 2.04313213611022 1.98006111430004 1.91699009248987 1.85391907067969 1.89088758872822 2.02789564663544 2.16490370454267 2.30191176244989 2.18902939721011
-9999 -9999 -9999 -9999 -9999 -9999 -9999 -9999 -9999 -9999 -9999 -9999 -9999 -9999 -9999 -9999 -9999 -9999 -9999 -9999 -9999 -9999 -9999 -9999 -9999 2.76758780144155 2.65918753109872 2.5507872607559 2.44238699041307 2.3753499831073 2.34967623883858 2.32400249456987 2.29832875030115 2.36681501381099 2.46668794658035 2.56656087934971 2.66643381211907 2.40987280011177 2.15331178810447 1.89675077609718 1.68419966124929 1.60367823787965 1.52315681451 1.44263539114036 1.46040189941414 1.57645633933134 1.69251077924855 1.80856521916576 1.85112664592452 1.86919040163048 1.88725415733643 1.90531791304238 1.94627310731448 1.98722830158658 2.02818349585868 2.04797659115866 2.00428338954225 1.96059018792585 1.91689698630944 1.87878616573289 1.8462577261962 1.81372928665951 1.78120084712282 1.7306354844477
-9999 -9999 -9999 -9999 -9999 -9999 -9999 -9999 -9999 -9999 -9999 -9999 -9999 -9999 -9999 -9999 -9999 -9999 -9999 -9999 -9999 -9999 -9999 -9999 -9999 1.82365690707229 1.89945016172715 1.975243416382 2.05103667103685 2.11058522108942 2.1538890665397 2.19719291198999 2.24049675744027 2.33391009271145 2.44402659125626 2.55414308980107 2.66425958834589 2.37488808576018 2.08551658317447 1.79614508058876 1.55314840609208 1.44927621586248 1.34540402563289 1.24153183540329 1.1895957402885 1.1895957402885 -9999 -9999 -9999 -9999 -9999 -9999 -9999 -9999 -9999 -9999 -9999 1.93138379836455 1.93138379836455 1.87273545423523 1.75543876597658 1.63814207771793 1.52084538945928 1.5014385280665
-9999 -9999 -9999 -9999 -9999 -9999 -9999 -9999 -9999 -9999 -9999 -9999 -9999 -9999 -9999 -9999 -9999 -9999 -9999 -9999 -9999 -9999 -9999 -9999 -9999 1.79839248885401 1.77312807063572 1.74786365241744 1.72259923419915 1.78214778425172 1.92650930257514 2.07087082089856 2.21523233922198 2.33391009271145 2.44402659125626 2.55414308980107 2.66425958834589 2.37488808576018 2.08551658317447 1.79614508058876 1.55314840609208 1.44927621586248 1.34540402563289 1.24153183540329 -9999 -9999 -9999 -9999 -9999 -9999 -9999 -9999 -9999 -9999 -9999 -9999 -9999 -9999 -9999 1.87273545423523 1.75543876597658 1.63814207771793 1.52084538945928 1.5014385280665
-9999 -9999 -9999 -9999 -9999 -9999 -9999 -9999 -9999 -9999 -9999 -9999 -9999 -9999 -9999 -9999 -9999 -9999 -9999 -9999 -9999 -9999 -9999 -9999 -9999 -9999 -9999 1.33100075181574 1.33100075181574 1.33100075181574 1.33100075181574 -9999 -9999 -9999 -9999 -9999 -9999 -9999 -9999 -9999 -9999 -9999 -9999 -9999 -9999 -9999 -9999 -9999 -9999 -9999 -9999 -9999 -9999 -9999 -9999 -9999 -9999 -9999 -9999 -9999 -9999 -9999 -9999 -9999
-9999 -9999 -9999 -9999 -9999 -9999 -9999 -9999 -9999 -9999 -9999 -9999 -9999 -9999 -9999 -9999 -9999 -9999 -9999 -9999 -9999 -9999 -9999 -9999 -9999 -9999 -9999 1.33100075181574 1.33100075181574 1.33100075181574 1.33100075181574 -9999 -9999 -9999 -9999 -9999 -9999 -9999 -9999 -9999 -9999 -9999 -9999 -9999 -9999 -9999 -9999 -9999 -9999 -9999 -9999 -9999 -9999 -9999 -9999 -9999 -9999 -9999 -9999 -9999 -9999 -9999 -9999 -9999
-9999 -9999 -9999 -9999 -9999 -9999 -9999 -9999 -9999 -9999 -9999 -9999 -9999 -9999 -9999 -9999 -9999 -9999 -9999 -9999 -9999 -9999 -9999 -9999 -9999 -9999 -9999 -9999 -9999 -9999 -9999 -9999 -9999 -9999 -9999 -9999 -9999 -9999 -9999 -9999 -9999 -9999 -9999 -9999 -9999 -9999 -9999 -9999 -9999 -9999 -9999 -9999 -9999 -9999 -9999 -9999 -9999 -9999 -9999 -9999 -9999 -9999 -9999 -9999
-9999 -9999 -9999 -9999 -9999 -9999 -9999 -9999 -9999 -9999 -9999 -9999 -9999 -9999 -9999 -9999 -9999 -9999 -9999 -9999 -9999 -9999 -9999 -9999 -9999 -9999 -9999 -9999 -9999 -9999 -9999 -9999 -9999 -9999 -9999 -9999 -9999 -9999 -9999 -9999 -9999 -9999 -9999 -9999 -9999 -9999 -9999 -9999 -9999 -9999 -9999 -9999 -9999 -9999 -9999 -9999 -9999 -9999 -9999 -9999 -9999 -9999 -9999 -9999
-9999 -9999 -9999 -9999 -9999 -9999 -9999 -9999 -9999 -9999 -9999 -9999 -9999 -9999 -9999 -9999 -9999 -9999 -9999 -9999 -9999 -9999 -9999 -9999 -9999 -9999 -9999 -9999 -9999 -9999 -9999 -9999 -9999 -9999 -9999 -9999 -9999 -9999 -9999 -9999 -9999 -9999 -9999 -9999 -9999 -9999 -9999 -9999 -9999 -9999 -9999 -9999 -9999 -9999 -9999 -9999 -9999 -9999 -9999 -9999 -9999 -9999 -9999 -9999
-9999 -9999 -9999 -9999 -9999 -9999 -9999 -9999 -9999 -9999 -9999 -9999 -9999 -9999 1.58443245571107 1.5933844121173 1.60233636852354 1.61128832492977 1.60325492033735 1.58955972874537 1.57586453715339 1.56216934556141 1.65956345619634 1.75695756683126 1.85435167746618 1.91503435140476 1.86558271525428 1.8161310791038 1.76667944295332 -9999 -9999 -9999 -9999 -9999 -9999 -9999 -9999 -9999 -9999 -9999 1.51087859412655 1.55072343768552 1.59056828124449 1.63041312480345 1.58687349641696 1.45994939608499 1.33302529575303 1.20610119542107 1.25733014079742 1.36794343474321 1.478556728689 1.58917002263479 1.60053797881119 1.61190593498759 1.62327389116399 1.62451143725775 1.5953577531036 1.56620406894945 1.53705038479529 1.52741230675019 1.53728983481415 1.5471673628781 1.55704489094205 1.49976589833386
-9999 -9999 -9999 -9999 -9999 -9999 -9999 -9999 -9999 -9999 -9999 -9999 -9999 -9999 1.58443245571107 1.5933844121173 1.60233636852354 1.61128832492977 1.60325492033735 1.58955972874537 1.57586453715339 1.56216934556141 1.65956345619634 1.75695756683126 1.85435167746618 1.91503435140476 1.86558271525428 1.8161310791038 1.76667944295332 -9999 -9999 -9999 -9999 -9999 -9999 -9999 -9999 -9999 -9999 -9999 1.51087859412655 1.55072343768552 1.59056828124449 1.63041312480345 1.58687349641696 1.45994939608499 1.33302529575303 1.20610119542107 1.25733014079742 1.36794343474321 1.478556728689 1.58917002263479 1.60053797881119 1.61190593498759 1.62327389116399 1.62451143725775 1.5953577531036 1.56620406894945 1.53705038479529 1.52741230675019 1.53728983481415 1.5471673628781 1.55704489094205 1.49976589833386
-9999 -9999 -9999 -9999 -9999 -9999 -9999 -9999 -9999 -9999 -9999 -9999 1.57995647750795 1.57995647750795 1.58443245571107 1.5933844121173 1.60233636852354 1.61128832492977 1.60325492033735 1.58955972874537 1.57586453715339 1.56216934556141 1.65956345619634 1.75695756683126 1.85435167746618 1.91503435140476 1.86558271525428 1.8161310791038 1.76667944295332 1.74195362487808 1.74195362487808 -9999 -9999 -9999 -9999 -9999 -9999 -9999 1.50091738323681 1.50091738323681 1.51087859412655 1.55072343768552 1.59056828124449 1.63041312480345 1.58687349641696 1.45994939608499 1.33302529575303 1.20610119542107 1.25733014079742 1.36794343474321 1.478556728689 1.58917002263479 1.60053797881119 1.61190593498759 1.62327389116399 1.62451143725775 1.5953577531036 1.56620406894945 1.53705038479529 1.52741230675019 1.53728983481415 1.5471673628781 1.55704489094205 1.49976589833386
-9999 -9999 -9999 -9999 -9999 -9999 1.79190557682887 1.78039361955598 1.76888166228309 1.75736970501021 1.73743194644339 1.69221678399481 1.64700162154622 1.60178645909764 1.58106409362517 1.58483452512883 1.58860495663248 1.59237538813613 1.58660402870737 1.57765207230113 1.5687001158949 1.55974815948866 1.65002600918524 1.74030385888182 1.83058170857839 1.88518750481308 1.83277714066207 1.78036677651107 1.72795641236007 1.69371075136587 1.67762979352847 1.66154883569106 1.64546787785366 -9999 -9999 -9999 1.57180282403715 1.5604611535091 1.54911948298104 1.53777781245299 1.53734249202535 1.56962622189894 1.60190995177254 1.63419368164614 1.58687349641696 1.45994939608499 1.33302529575303 1.20610119542107 1.25547565100715 1.36361629189923 1.47175693279132 1.57989757368341 1.5872105662711 1.59452355885878 1.60183655144647 1.60247986251488 1.58311412902549 1.56374839553609 1.5443826620467 1.53800839232281 1.54462558636442 1.55124278040603 1.55785997444764 1.49976589833386
1.84506753575988 -9999 -9999 -9999 -9999 1.79190557682887 1.79190557682887 1.78039361955598 1.76888166228309 1.75736970501021 1.73732826649211 1.69169838423841 1.6460685019847 1.60043861973099 1.57432736945339 1.56773475115187 1.56114213285036 1.55454951454885 1.55330224544741 1.55383675941266 1.55437127337791 1.55490578734316 1.63095111516304 1.70699644298293 1.78304177080281 1.82549381162971 1.76716599147767 1.70883817132562 1.65051035117358 1.62402660073712 1.62938692001626 1.63474723929539 1.64010755857453 -9999 -9999 -9999 1.57180282403715 1.57558338087983 1.57936393772252 1.5831444945652 1.59027028782293 1.60743179032579 1.62459329282865 1.64175479533151 1.58687349641696 1.45994939608499 1.33302529575303 1.20610119542107 1.25176667142659 1.35496200621128 1.45815734099597 1.56135267578065 1.56055574119091 1.55975880660117 1.55896187201142 1.55841671302915 1.55862688086927 1.55883704870939 1.55904721654952 1.55920056346804 1.55929708946496 1.55939361546189 1.55949014145881 1.49976589833386
1.91137123969384 1.95557370898314 1.99977617827244 1.96704255184159 1.90866356017068 1.85028456849977 1.79190557682887 1.78039361955598 1.76888166228309 1.75736970501021 1.73722458654083 1.69117998448201 1.64513538242318 1.59909078036435 1.5675906452816 1.55063497717492 1.53367930906825 1.51672364096157 1.52000046218745 1.53002144652419 1.54004243086092 1.55006341519766 1.61187622114085 1.67368902708404 1.73550183302723 1.76580011844635 1.70155484229326 1.63730956614017 1.57306428998709 1.54094165191054 1.54094165191054 -9999 -9999 -9999 -9999 -9999 1.467632164713 1.51431379141286 1.56099541811273 1.60767704481259 1.63101785816252 1.58433623146266 1.53765460476279 1.49097297806293 -9999 -9999 -9999 -9999 -9999 -9999 1.5428077778779 1.5428077778779 1.53390091611072 1.52499405434355 1.51608719257638 1.51435356354341 1.53413963271305 1.55392570188269 1.57371177105233 1.5175159194041 1.38533814693801 1.25316037447192 1.12098260200582 -9999
1.88524532527663 1.94105931208469 1.99687329889275 1.96703877998516 1.90865475917235 1.85027073835954 1.79188671754673 1.78643217729405 1.78097763704136 1.77552309678867 1.75955614331178 1.71205195016228 1.66454775701277 1.61704356386326 1.58056055498309 1.55509873037226 1.52963690576144 1.50417508115061 1.48065074603073 1.45777224074118 1.43489373545162 1.41201523016207 1.51064088544808 1.6092665407341 1.70789219602011 1.76580011844635 1.70155484229326 1.63730956614017 1.57306428998709 1.54094165191054 1.54094165191054 -9999 -9999 -9999 -9999 -9999 1.467632164713 1.47696849005297 1.48630481539294 1.49564114073291 1.5003093034029 1.49097297806293 1.48163665272295 1.47230032738298 -9999 -9999 -9999 -9999 -9999 -9999 1.5428077778779 1.5428077778779 1.54185988521203 1.54091199254617 1.53996409988031 1.54049358889461 1.54545522294939 1.55041685700417 1.55537849105895 1.49520315486006 1.36989084840752 1.24457854195498 1.11926623550244 -9999
1.85911941085942 1.92654491518624 1.99397041951306 1.96703500812873 1.90864595817402 1.85025690821931 1.7918678582646 1.79247073503211 1.79307361179963 1.79367648856714 1.78188770008273 1.73292391584255 1.68396013160236 1.63499634736218 1.59353046468459 1.55956248356961 1.52559450245462 1.49162652133964 1.44130102987401 1.38552303495817 1.32974504004233 1.27396704512648 1.40940554975532 1.54484405438416 1.68028255901299 1.76580011844635 1.70155484229326 1.63730956614017 1.57306428998709 -9999 -9999 -9999 -9999 -9999 -9999 -9999 1.467632164713 1.43962318869308 1.41161421267316 1.38360523665324 1.36960074864328 1.3976097246632 1.42561870068312 1.45362767670304 -9999 -9999 -9999 -9999 -9999 -9999 -9999 1.5428077778779 1.54981885431334 1.55682993074879 1.56384100718424 1.5666336142458 1.55677081318572 1.54690801212564 1.53704521106556 1.47289039031602 1.35444354987703 1.23599670943804 1.11754986899905 1.0879381588893
1.79844508948736 1.85654393280856 1.91464277612977 1.89377495739609 1.84658491797745 1.79939487855881 1.75220483914018 1.75466957129538 1.75713430345058 1.75959903560579 1.75351312640123 1.72177529311739 1.69003745983355 1.65829962654971 1.62563711847179 1.59204993559979 1.55846275272779 1.52487556985579 1.46533726039343 1.39714857540093 1.32895989040844 1.26077120541595 1.12962114228867 0.998471079161391 0.867321016034111 -9999 -9999 -9999 -9999 -9999 -9999 -9999 -9999 -9999 -9999 -9999 -9999 -9999 1.2925760645885 1.2925760645885 1.2925760645885 1.2925760645885 -9999 -9999 -9999 -9999 -9999 -9999 -9999 -9999 -9999 1.33021380897844 1.37082318059402 1.41143255220959 1.45204192382516 1.48134650581051 1.47673671890516 1.47212693199981 1.46751714509446 1.41490903927479 1.31430261454079 1.2136961898068 1.1130897650728 1.0879381588893
1.70322236116044 1.73105636495166 1.75889036874287 1.74725862778723 1.72247163858265 1.69768464937806 1.67289766017348 1.67302868608385 1.67315971199423 1.67329073790461 1.67443242226727 1.6786060819868 1.68277974170633 1.68695340142585 1.67688051634468 1.65256108646281 1.62824165658094 1.60392222669907 1.55275943758897 1.49264886206947 1.43253828654997 1.37242771103047 1.21150257973932 1.05057744844817 0.889652317157015 0.768958468688652 0.768958468688652 -9999 -9999 -9999 -9999 -9999 -9999 -9999 -9999 -9999 -9999 -9999 -9999 -9999 -9999 -9999 -9999 -9999 -9999 -9999 -9999 -9999 -9999 -9999 -9999 1.33021380897844 1.31667735177325 1.30314089456806 1.28960443736287 1.28463226358872 1.3053529401077 1.32607361662667 1.34679429314565 1.32125910173636 1.2494680423988 1.17767698306125 1.10588592372369 -9999
1.60799963283353 1.60556879709475 1.60313796135597 1.60074229817837 1.59835835918784 1.59597442019731 1.59359048120677 1.59138780087233 1.58918512053788 1.58698244020343 1.59535171813332 1.63543687085621 1.67552202357911 1.715607176302 1.72812391421758 1.71307223732583 1.69802056043409 1.68296888354234 1.64018161478452 1.58814914873801 1.5361166826915 1.48408421664499 1.29338401718996 1.10268381773494 0.911983618279919 0.791527376859449 0.881803009542637 0.972078642225824 1.06235427490901 1.0975260293344 1.077593905502 1.05766178166959 1.03772965783719 1.02741614507977 1.02030883601401 1.01320152694825 -9999 -9999 -9999 -9999 -9999 -9999 -9999 -9999 -9999 -9999 -9999 -9999 -9999 -9999 -9999 -9999 -9999 1.07640523638111 1.07640523638111 1.08791802136693 1.13396916131023 1.18002030125353 1.22607144119684 1.20629370154347 1.12068708229344 1.03508046304341 0.949473843793385 -9999
