data/climate/camp/min_precip.asc
NCOLS 360 
NROWS 180 
XLLCORNER -180 
YLLCORNER -90 
CELLSIZE 1 
NODATA_value -9999 
[rows 56 to 83 of 180, columns 256 to 319 of 360]
0.066636458335779 0.0794009268702212 0.0921653954046633 0.0898283110072953 0.0824573756326572 0.0750864402580191 0.0677155048833811 0.0843308375988272 0.100946170314273 0.117561503029719 0.134441895686905 0.152117468169308 0.169793040651712 0.187468613134115 0.185267317385296 0.163189153405256 0.141110989425215 0.119032825445174 0.117922422738047 0.123801273788558 0.129680124839069 0.13555897588958 0.148346687114099 0.161134398338618 0.173922109563136 0.192433913354762 0.228117994847707 0.263802076340653 0.299486157833599 0.320479614485521 0.32678244629642 0.333085278107319 0.339388109918218 -9999 -9999 -9999 -9999 -9999 -9999 -9999 -9999 -9999 -9999 -9999 -9999 -9999 -9999 -9999 -9999 -9999 -9999 -9999 -9999 -9999 -9999 -9999 -9999 -9999 -9999 -9999 -9999 -9999 -9999 -9999
0.019890732373824 0.0229236739414773 0.0259566155091306 0.0283896288237884 0.0306226660541142 0.0328557032844401 0.035088740514766 0.036983620339015 0.0388785001632641 0.0407733799875132 0.0451260770933004 0.0568522260437021 0.0685783749941038 0.0803045239445055 0.0895800113357836 0.0964048371679382 0.103229663000093 0.110054488832247 0.108088765555294 0.103192859241972 0.0982969529286493 0.0934010466153268 0.0993290795304347 0.105257112445543 0.11118514536065 0.122774806804955 0.151349353836849 0.179923900868744 0.208498447900638 0.216355241209385 0.203494280794985 0.190633320380584 0.177772359966184 -9999 -9999 -9999 -9999 -9999 -9999 -9999 -9999 -9999 -9999 -9999 -9999 -9999 -9999 -9999 -9999 -9999 -9999 -9999 -9999 -9999 -9999 -9999 -9999 -9999 -9999 -9999 -9999 -9999 -9999 -9999
0.0154700151742873 0.0174158459685714 0.0193616767628555 0.0208004057712969 0.0220701008511242 0.0233397959309514 0.0246094910107786 0.0254129205277422 0.0262163500447059 0.0270197795616696 0.0293745077997301 0.036383132201081 0.043391756602432 0.050400381003783 0.0580336083930888 0.0662914387703495 0.0745492691476102 0.0828070995248709 0.0802707412403834 0.0741363200686465 0.0680018988969096 0.0618674777251726 0.0702586278384842 0.0786497779517958 0.0870409280651074 0.099392193951644 0.123623807157855 0.147855420364067 0.172087033570278 0.182916744131944 0.180344552049064 0.177772359966184 0.175200167883304 -9999 -9999 -9999 -9999 -9999 -9999 -9999 -9999 -9999 -9999 -9999 -9999 -9999 -9999 -9999 -9999 -9999 -9999 -9999 -9999 -9999 -9999 -9999 -9999 -9999 -9999 -9999 -9999 -9999 -9999 -9999
0.0110492979747505 0.0119080179956654 0.0127667380165803 0.0132111827188055 0.0135175356481341 0.0138238885774626 0.0141302415067912 0.0138422207164695 0.0135541999261477 0.013266179135826 0.0136229385061597 0.0159140383584599 0.0182051382107602 0.0204962380630604 0.026487205450394 0.0361780403727607 0.0458688752951275 0.0555597102174943 0.0524527169254725 0.0450797808953212 0.0377068448651698 0.0303339088350185 0.0411881761465338 0.0520424434580491 0.0628967107695644 0.076009581098333 0.0958982604788616 0.11578693985939 0.135675619239919 0.149478247054503 0.157194823303143 0.164911399551784 0.172627975800424 -9999 -9999 0.642763664654922 0.642763664654922 0.642763664654922 -9999 -9999 -9999 -9999 -9999 -9999 -9999 -9999 -9999 -9999 -9999 -9999 -9999 -9999 -9999 -9999 -9999 -9999 -9999 -9999 -9999 -9999 -9999 -9999 -9999 -9999
0.00805086495620344 0.0082946806696782 0.00853849638315296 0.00849440442925697 0.00835434325290407 0.00821428207655117 0.00807422090019827 0.00734500121780002 0.00661578153540177 0.00588656185300351 0.00532836329375641 0.00528322810396276 0.0052380929141691 0.00519295772437545 0.00945976024604533 0.0180385004791788 0.0266172407123122 0.0351959809454456 0.0325598684567012 0.0261854717273309 0.0198110749979605 0.0134366782685902 0.0252271199196912 0.0370175615707922 0.0488080032218932 0.0629942740924889 0.084368032621569 0.105741791150649 0.127115549679729 0.158731426665327 0.200589422107441 0.242447417549556 0.284305412991671 0.37428151757922 0.480296991881914 0.586312466184609 0.692327940487303 0.712153650820255 0.731979361153208 0.75180507148616 -9999 -9999 -9999 -9999 -9999 -9999 -9999 -9999 -9999 -9999 -9999 -9999 -9999 -9999 -9999 -9999 -9999 -9999 -9999 -9999 -9999 -9999 -9999 -9999
0.00647471611864603 0.00657583399060968 0.00667695186257333 0.00665007090265135 0.00658052366543416 0.00651097642821696 0.00644142919099977 0.00592126203173393 0.00540109487246809 0.00488092771320225 0.00449078216252019 0.00449070143758945 0.00449062071265871 0.00449053998772797 0.00695127278004293 0.0118728190896036 0.0167943653991642 0.0217159117087249 0.0205921958340696 0.0174533925646756 0.0143145892952816 0.0111757860258876 0.0223754591579564 0.0335751322900251 0.0447748054220938 0.0603462729341118 0.0890331235859776 0.117719974237843 0.146406824889709 0.17861953843385 0.214358114870265 0.25009669130668 0.285835267743096 0.394107227912173 0.526556982658803 0.659006737405434 0.791456492152065 0.784847922041081 0.778239351930097 0.771630781819113 -9999 -9999 -9999 -9999 -9999 -9999 -9999 -9999 -9999 -9999 -9999 -9999 -9999 -9999 -9999 -9999 -9999 -9999 -9999 -9999 -9999 -9999 -9999 -9999
0.00489856728108862 0.00485698731154116 0.0048154073419937 0.00480573737604573 0.00480670407796424 0.00480767077988276 0.00480863748180127 0.00449752284566785 0.00418640820953442 0.003875293573401 0.00365320103128397 0.00369817477121615 0.00374314851114832 0.00378812225108049 0.00444278531404052 0.0057071377000284 0.00697149008601627 0.00823584247200415 0.00862452321143792 0.00872131340202031 0.00881810359260271 0.00891489378318511 0.0195237983962215 0.030132703009258 0.0407416076222944 0.0576982717757346 0.0936982145503862 0.129698157325038 0.165698100099689 0.198507650202373 0.228126807633089 0.257745965063805 0.287365122494521 0.413932938245125 0.572816973435692 0.73170100862626 0.890585043816827 0.825709920027293 0.760834796237759 0.695959672448225 -9999 -9999 -9999 -9999 -9999 -9999 -9999 -9999 -9999 -9999 -9999 -9999 -9999 -9999 -9999 -9999 -9999 -9999 -9999 -9999 -9999 -9999 -9999 -9999
0.00356066844233283 0.00355221933659777 0.00354377023086272 0.00349698863965386 0.00343742955328707 0.00337787046692029 0.0033183113805535 0.00320183583198741 0.00308536028342132 0.00296888473485524 0.00295219634108435 0.00323486941169904 0.00351754248231373 0.00380021555292842 0.00429707453031369 0.00500811941446955 0.0057191642986254 0.00643020918278125 0.00812950285853731 0.0101582127981601 0.0121869227377829 0.0142156326774057 0.0248957678168154 0.035575902956225 0.0462560380956347 0.0609064082818804 0.0874674836086342 0.114028558935388 0.140589634262142 0.198125658847857 0.286636632692534 0.375147606537212 0.463658580381889 0.527820993564092 0.583867219858803 0.639913446153514 0.695959672448225 0.682984647690319 0.670009622932412 0.657034598174505 -9999 -9999 -9999 -9999 -9999 -9999 -9999 -9999 -9999 -9999 -9999 -9999 -9999 -9999 -9999 -9999 -9999 -9999 -9999 -9999 -9999 -9999 -9999 -9999
0.00222276960357704 0.00224745136165438 0.00227213311973173 0.002188239903262 0.00206815502860991 0.00194807015395781 0.00182798527930572 0.00190614881830697 0.00198431235730823 0.00206247589630948 0.00225119165088472 0.00277156405218193 0.00329193645347914 0.00381230885477635 0.00415136374658687 0.0043091011289107 0.00446683851123453 0.00462457589355836 0.0076344825056367 0.0115951121942999 0.015555741882963 0.0195163715716262 0.0302677372374092 0.0410191029031921 0.051770468568975 0.0641145447880263 0.0812367526668822 0.0983589605457382 0.115481168424594 0.197743667493341 0.34514645775198 0.492549248010619 0.639952038269257 0.641709048883058 0.594917466281913 0.548125883680768 0.501334301079623 0.540259375353344 0.579184449627064 0.618109523900785 -9999 -9999 -9999 -9999 -9999 -9999 -9999 -9999 -9999 -9999 -9999 -9999 -9999 -9999 -9999 -9999 -9999 -9999 -9999 -9999 -9999 -9999 -9999 -9999
0.00133927968030889 0.00140799043080619 0.0014767011813035 0.00139427667977543 0.00126147376090557 0.00112867084203572 0.000995867923165861 0.00119487698634657 0.00139388604952728 0.00159289511270799 0.00193446668527031 0.00270372578597744 0.00347298488668457 0.0042422439873917 0.00492202164696209 0.00551231786539574 0.00610261408382939 0.00669291030226304 0.0121771131525747 0.0192926182135125 0.0264081232744502 0.0335236283353879 0.0595326023685629 0.085541576401738 0.111550550434913 0.135321530455258 0.152378528437112 0.169435526418965 0.186492524400819 0.259069986466784 0.38716791261686 0.515265838766936 0.643363764917012 0.62111492024269 0.548750485293567 0.476386050344445 0.404021615395322 0.404021615395322 -9999 -9999 -9999 -9999 -9999 -9999 -9999 -9999 -9999 -9999 -9999 -9999 -9999 -9999 -9999 -9999 -9999 -9999 -9999 -9999 -9999 -9999 -9999 -9999 -9999 -9999
0.000910198672528395 0.0010338365440532 0.00115747441557801 0.00111509896919415 0.00101738575017407 0.000919672531153992 0.000821959312133913 0.0010680203361062 0.00131408136007849 0.00156014238405078 0.00200202144424111 0.00303135461308557 0.00406068778193003 0.00509002095077449 0.00660904823143937 0.00861776962392469 0.01062649101641 0.0126352124088953 0.0217573947993515 0.0332507308557979 0.0447440669122443 0.0562374029686907 0.112690363210277 0.169143323451863 0.225596283693449 0.274527365283575 0.300892810919322 0.327258256555069 0.353623702190816 0.382104615768185 0.412700997287175 0.443297378806164 0.473893760325154 0.466038607642986 0.445366276893765 0.424693946144544 -9999 -9999 -9999 -9999 -9999 -9999 -9999 -9999 -9999 -9999 -9999 -9999 -9999 -9999 -9999 -9999 -9999 -9999 -9999 -9999 -9999 -9999 -9999 -9999 -9999 -9999 -9999 -9999
0.000481117664747899 0.000659682657300209 0.000838247649852519 0.000835921258612871 0.000773297739442569 0.000710674220272267 0.000648050701101965 0.000941163685865831 0.0012342766706297 0.00152738965539356 0.00206957620321191 0.0033589834401937 0.00464839067717548 0.00593779791415727 0.00829607481591665 0.0117232213824536 0.0151503679489906 0.0185775145155276 0.0313376764461282 0.0472088434980833 0.0630800105500384 0.0789511776019935 0.16584812405199 0.252745070501987 0.339642016951984 0.413733200111892 0.449407093401533 0.485080986691173 0.520754879980814 0.505139245069586 0.438234081957489 0.371328918845393 0.304423755733296 0.287697464955272 0.287697464955272 -9999 -9999 -9999 -9999 -9999 -9999 -9999 -9999 -9999 -9999 -9999 -9999 -9999 -9999 -9999 -9999 -9999 -9999 -9999 -9999 -9999 -9999 -9999 -9999 -9999 -9999 -9999 -9999 -9999
0.000404536492368379 0.00048671332180561 0.00056889015124284 0.000587533210818947 0.000584998347108012 0.000582463483397078 0.000579928619686143 0.00099929838791013 0.00141866815613412 0.0018380379243581 0.00265914385090582 0.00468545825242472 0.00671177265394363 0.00873808705546253 0.0179251357176327 0.034272918640454 0.0506207015632754 0.0669684844860967 0.0733450838961289 0.0763979554685648 0.0794508270410006 0.0825036986134364 0.156868470301561 0.231233241989685 0.305598013677809 0.37059202225646 0.407473741506692 0.444355460756924 0.481237180007156 0.471413963008672 0.414885809761472 0.358357656514272 0.301829503267072 0.287697464955272 0.287697464955272 -9999 -9999 -9999 -9999 -9999 -9999 -9999 -9999 -9999 -9999 -9999 -9999 -9999 -9999 -9999 -9999 -9999 -9999 -9999 -9999 -9999 -9999 -9999 -9999 -9999 -9999 -9999 -9999 -9999
0.00032795531998886 0.00031374398631101 0.000299532652633161 0.000339145163025023 0.000396698954773456 0.000454252746521888 0.000511806538270321 0.00105743308995443 0.00160305964163854 0.00214868619332265 0.00324871149859973 0.00601193306465575 0.00877515463071177 0.0115383761967678 0.0275541966193487 0.0568226158984544 0.0860910351775601 0.115359454456666 0.11535249134613 0.105587067439046 0.0958216435319628 0.0860562196248793 0.147888816551131 0.209721413477382 0.271554010403634 0.327450844401028 0.365540389611851 0.403629934822675 0.441719480033498 0.437688680947758 0.391537537565455 0.345386394183151 0.299235250800848 -9999 -9999 -9999 -9999 -9999 -9999 -9999 -9999 -9999 -9999 -9999 -9999 -9999 -9999 -9999 -9999 -9999 -9999 -9999 -9999 -9999 -9999 -9999 -9999 -9999 -9999 -9999 -9999 -9999 -9999 -9999
0.000254306758307621 0.000200661915243927 0.000147017072180233 0.000187828623310793 0.00026012563917277 0.000332422655034748 0.000404719670896725 0.00188192062496739 0.00335912157903806 0.00483632253310873 0.0072136824237532 0.0122915191241191 0.017369355824485 0.0224471925248508 0.0393031428975519 0.0679372069425881 0.0965712709876243 0.125205335032661 0.125475889377412 0.116291940488736 0.10710799160006 0.0979240427113837 0.157247422888759 0.216570803066134 0.275894183243508 0.328448094427586 0.360693598631769 0.392939102835953 0.425184607040137 0.441307359142229 0.441307359142229 -9999 -9999 -9999 -9999 -9999 -9999 -9999 -9999 -9999 -9999 -9999 -9999 -9999 -9999 -9999 -9999 -9999 -9999 -9999 -9999 -9999 -9999 -9999 -9999 -9999 -9999 -9999 -9999 -9999 -9999 -9999 -9999 -9999
0.000183590807324663 0.00014746710860436 0.000111343409884057 0.000133583591676256 0.000175278400305956 0.000216973208935656 0.000258668017565356 0.00347276099294902 0.00668685396833268 0.00990094694371635 0.0145540566263662 0.0235242164308147 0.0324943762352632 0.0414645360397117 0.0531719745522423 0.0676166917728551 0.0820614089934679 0.0965061262140807 0.103715277989977 0.108512574617635 0.113309871245292 0.11810716787295 0.184944289314444 0.251781410755939 0.318618532197434 0.373583772336133 0.392933368566446 0.412282964796759 0.431632561027072 -9999 -9999 -9999 -9999 -9999 -9999 -9999 -9999 -9999 -9999 -9999 -9999 -9999 -9999 -9999 -9999 -9999 -9999 -9999 -9999 -9999 -9999 -9999 -9999 -9999 -9999 -9999 -9999 -9999 -9999 -9999 -9999 -9999 -9999 -9999
0.000112874856341705 9.42723019647929e-05 7.56697475878809e-05 7.93385600417196e-05 9.04311614391418e-05 0.000101523762836564 0.000112616364233986 0.00506360136093065 0.0100145863576273 0.014965571354324 0.0218944308289792 0.0347569137375103 0.0476193966460414 0.0604818795545725 0.0670408062069328 0.0672961766031221 0.0675515469993115 0.0678069173955009 0.0819546666025417 0.100733208746533 0.119511750890524 0.138290293034515 0.21264115574013 0.286992018445744 0.361342881151359 0.412808425389812 0.395618014226784 0.378427603063756 0.361237191900727 -9999 -9999 -9999 -9999 -9999 -9999 -9999 -9999 -9999 -9999 -9999 -9999 -9999 -9999 -9999 -9999 -9999 -9999 -9999 -9999 -9999 -9999 -9999 -9999 -9999 -9999 -9999 -9999 -9999 -9999 -9999 -9999 -9999 -9999 -9999
0.000112874856341705 9.42723019647929e-05 7.56697475878809e-05 0.000171552064458069 0.000305596005077291 0.000439639945696513 0.000573683886315735 0.00795993856569055 0.0153461932450654 0.0227324479244402 0.033850062667625 0.05616175760224 0.0784734525368549 0.10078514747147 0.104792456339055 0.090495379139611 0.0761983019401669 0.0619012247407227 0.0659902852567029 0.0762080583444913 0.0864258314322797 0.096643604520068 0.168347921899112 0.240052239278157 0.311756556657201 0.364675274133333 0.361237191900727 0.357799109668122 0.354361027435516 -9999 -9999 -9999 -9999 -9999 -9999 -9999 -9999 -9999 -9999 -9999 -9999 -9999 -9999 -9999 -9999 -9999 -9999 -9999 -9999 -9999 -9999 -9999 -9999 -9999 -9999 -9999 -9999 -9999 -9999 -9999 -9999 -9999 -9999 -9999
0.000112874856341705 9.42723019647929e-05 7.56697475878809e-05 0.000263765568874419 0.00052076084871544 0.000777756128556462 0.00103475140839748 0.0108562757704505 0.0206778001325034 0.0304993244945564 0.0458056945062708 0.0775666014669696 0.109327508427668 0.141088415388367 0.142544106471178 0.1136945816761 0.0848450568810222 0.0559955320859444 0.0500259039108641 0.0516829079424497 0.0533399119740352 0.0549969160056207 0.124054688058095 0.193112460110569 0.262170232163044 0.316542122876854 0.326856369574671 0.337170616272488 0.347484862970305 -9999 -9999 -9999 -9999 -9999 -9999 -9999 -9999 -9999 -9999 -9999 -9999 -9999 0.0374209854271612 0.0374209854271612 0.0374209854271612 0.0374209854271612 -9999 -9999 -9999 -9999 -9999 -9999 -9999 -9999 -9999 -9999 -9999 -9999 -9999 -9999 -9999 -9999 -9999 -9999
-9999 -9999 -9999 -9999 -9999 0.00126528516943836 0.00126528516943836 0.0123044443728304 0.0233436035762224 0.0343827627796145 0.0568749193917029 0.11372606822988 0.170577217068058 0.227428365906235 0.22958061756799 0.177033972053323 0.124487326538656 0.0719406810239889 0.0665397863922408 0.076854142054799 0.0871684977173572 0.0974828533799155 0.136327566680848 0.17517227998178 0.214016993282712 0.231270487958682 0.183750326759764 0.136230165560846 0.0887100043619284 0.0772827705804957 0.101948464216548 0.1266141578526 0.151279851488653 -9999 -9999 -9999 -9999 -9999 -9999 -9999 0.203511248451832 0.17582953794772 0.148147827443609 0.120466116939497 0.120466116939497 0.148147827443609 0.17582953794772 0.203511248451832 -9999 -9999 -9999 -9999 -9999 -9999 -9999 -9999 -9999 -9999 -9999 -9999 -9999 -9999 -9999 -9999
-9999 -9999 -9999 -9999 -9999 -9999 0.00126528516943836 0.0123044443728304 0.0233436035762224 0.0343827627796145 0.0670577373239212 0.164640157890972 0.262222578458022 0.359804999025073 0.365901989629492 0.28051355027128 0.195125110913068 0.109736671554856 0.115531932700833 0.151721760681539 0.187911588662246 0.224101416642952 0.20516655776737 0.186231698891788 0.167296840016206 0.14721931105305 0.12371377182717 0.10020823260129 0.0767026933754096 0.0772827705804957 0.101948464216548 0.1266141578526 0.151279851488653 0.157446274897666 0.157446274897666 -9999 -9999 -9999 -9999 -9999 0.212738485286536 0.22196572212124 0.231192958955944 0.240420195790648 0.240420195790648 0.231192958955944 0.22196572212124 0.212738485286536 -9999 -9999 -9999 -9999 -9999 -9999 -9999 -9999 -9999 -9999 -9999 -9999 -9999 -9999 -9999 -9999
-9999 -9999 -9999 -9999 -9999 -9999 -9999 -9999 -9999 -9999 -9999 -9999 0.561338478291873 0.561338478291873 0.502223361690994 0.383993128489237 0.26576289528748 0.147532662085723 0.164524079009425 0.22658937930828 0.288654679607134 0.350719979905989 0.274005548853893 0.197291117801797 0.1205766867497 0.0631681341474177 0.0636772168945754 0.0641862996417331 0.0646953823888907 0.0772827705804957 0.101948464216548 0.1266141578526 0.151279851488653 0.157446274897666 0.157446274897666 -9999 -9999 -9999 -9999 -9999 0.329054094763706 0.344593601039378 0.36013310731505 0.375672613590723 0.375672613590723 0.36013310731505 0.344593601039378 0.329054094763706 -9999 -9999 -9999 -9999 -9999 -9999 -9999 -9999 -9999 -9999 -9999 -9999 -9999 -9999 -9999 -9999
-9999 -9999 -9999 -9999 -9999 -9999 -9999 -9999 -9999 -9999 -9999 -9999 0.561338478291873 0.561338478291873 0.519987447594758 0.437285386200529 0.354583324806299 0.27188126341207 0.246976021662704 0.241336386461626 0.235696751260548 0.23005711605947 0.218383053303114 0.206708990546758 0.195034927790402 0.179499569509062 0.152380324652768 0.125261079796473 0.0981418349401793 0.0942974208301166 0.113727837466286 0.133158254102455 0.152588670738623 0.157446274897666 0.157446274897666 -9999 -9999 -9999 -9999 -9999 0.325946193508571 0.329054094763706 0.33216199601884 0.335269897273974 0.335269897273974 0.33216199601884 0.329054094763706 0.325946193508571 -9999 -9999 -9999 -9999 -9999 -9999 -9999 -9999 -9999 -9999 -9999 -9999 -9999 -9999 -9999 -9999
-9999 -9999 -9999 -9999 -9999 -9999 -9999 -9999 -9999 -9999 -9999 -9999 -9999 -9999 0.537751533498522 0.49057764391182 0.443403754325118 0.396229864738416 0.329427964315983 0.256083393614972 0.182738822913961 0.109394252212951 0.162760557752335 0.21612686329172 0.269493168831104 0.295831004870706 0.24108343241096 0.186335859951214 0.131588287491468 0.111312071079738 0.125507210716023 0.139702350352309 0.153897489988594 -9999 -9999 -9999 -9999 -9999 -9999 -9999 0.322838292253437 0.313514588488033 0.30419088472263 0.294867180957226 0.294867180957226 0.30419088472263 0.313514588488033 0.322838292253437 -9999 -9999 -9999 -9999 -9999 -9999 -9999 -9999 -9999 -9999 -9999 -9999 -9999 -9999 -9999 -9999
0.506700309051666 0.568763272895012 0.630826236738358 0.670372262829915 0.702412643004209 0.734453023178503 -9999 -9999 -9999 -9999 -9999 -9999 -9999 -9999 -9999 -9999 0.451051714480855 0.451051714480855 0.377154113142751 0.27862397802528 0.180093842907809 0.0815637077903375 0.158783294144087 0.236002880497836 0.313222466851585 0.353996722551528 0.285434986290056 0.216873250028584 0.148311513767112 0.114030645636376 0.114030645636376 -9999 -9999 -9999 -9999 -9999 -9999 -9999 -9999 -9999 -9999 -9999 0.266896069661016 0.266896069661016 0.266896069661016 0.266896069661016 -9999 -9999 -9999 -9999 -9999 -9999 -9999 -9999 -9999 -9999 -9999 -9999 -9999 -9999 -9999 -9999 -9999 -9999
0.506700309051666 0.568763272895012 0.630826236738358 0.670372262829915 0.702412643004209 0.734453023178503 0.766493403352797 0.766493403352797 -9999 -9999 -9999 -9999 -9999 -9999 -9999 -9999 -9999 -9999 0.39015446814301 0.30895813969255 0.22776181124209 0.14656548279163 0.206451262478367 0.266337042165105 0.326222821851843 0.353996722551528 0.285434986290056 0.216873250028584 0.148311513767112 -9999 -9999 -9999 -9999 -9999 -9999 -9999 -9999 -9999 -9999 -9999 -9999 -9999 -9999 -9999 -9999 -9999 -9999 -9999 -9999 -9999 -9999 -9999 -9999 -9999 -9999 -9999 -9999 -9999 -9999 -9999 -9999 -9999 -9999 -9999
0.506700309051666 0.568763272895012 0.630826236738358 0.670372262829915 0.702412643004209 0.734453023178503 0.766493403352797 0.766493403352797 -9999 -9999 -9999 -9999 -9999 -9999 1.58518569020089 1.27314630488399 0.961106919567101 0.649067534250207 0.499159601895371 0.403295487194555 0.307431372493738 0.211567257792922 0.343115931755165 0.474664605717408 0.60621327967965 -9999 -9999 -9999 -9999 -9999 -9999 -9999 -9999 -9999 -9999 -9999 -9999 -9999 -9999 -9999 -9999 -9999 -9999 -9999 -9999 -9999 -9999 -9999 -9999 -9999 -9999 -9999 -9999 -9999 -9999 -9999 -9999 -9999 -9999 -9999 -9999 -9999 -9999 -9999
0.506700309051666 0.568763272895012 0.630826236738358 0.670372262829915 0.702412643004209 0.734453023178503 0.766493403352797 0.766493403352797 -9999 -9999 -9999 -9999 -9999 -9999 1.58518569020089 1.27314630488399 0.961106919567101 0.649067534250207 0.499159601895371 0.403295487194555 0.307431372493738 0.211567257792922 0.343115931755165 0.474664605717408 0.60621327967965 -9999 -9999 -9999 -9999 -9999 -9999 -9999 -9999 -9999 -9999 -9999 -9999 -9999 -9999 -9999 -9999 -9999 -9999 -9999 -9999 -9999 -9999 -9999 -9999 -9999 -9999 -9999 -9999 -9999 -9999 -9999 -9999 -9999 -9999 -9999 -9999 -9999 -9999 -9999
