data/climate/camp/min_precip.asc
NCOLS 360 
NROWS 180 
XLLCORNER -180 
YLLCORNER -90 
CELLSIZE 1 
NODATA_value -9999 
[rows 28 to 55 of 180, columns 128 to 191 of 360]
1.3885422530584 1.36075920704752 1.33297616103664 1.31213887652848 1.31213887652848 -9999 -9999 -9999 -9999 -9999 -9999 -9999 -9999 -9999 -9999 -9999 -9999 -9999 -9999 -9999 -9999 -9999 -9999 -9999 -9999 -9999 1.56724760017823 1.53778316744138 1.50831873470452 1.47885430196766 1.59125960071106 1.70366489945445 1.81607019819785 1.9243886412587 2.02044651727192 2.11650439328514 2.21256226929836 2.11265675188042 1.81678784103133 1.52091893018223 1.22505001933314 1.47475974122062 1.90632900735363 2.33789827348664 2.76946753961965 2.53517967509106 2.30089181056246 2.06660394603387 1.86373367789201 1.7551161989104 1.64649871992879 1.53788124094717 1.50930951652117 1.56078354665078 1.61225757678039 1.66373160691001 1.62146330578253 1.54794756090268 1.47443181602284 1.400916071143 1.39910900825635 1.39730194536969 1.39549488248304 -9999
1.35984226875007 1.34249558066949 1.32514889258891 -9999 -9999 -9999 -9999 -9999 -9999 -9999 -9999 -9999 -9999 -9999 -9999 -9999 -9999 -9999 -9999 -9999 -9999 -9999 -9999 -9999 -9999 -9999 1.65564089838881 1.74403419659939 1.83242749480996 1.92082079302054 1.93857619108167 1.95633158914279 1.97408698720392 2.03339165844955 2.21734414924867 2.4012966400478 2.58524913084693 2.47693432238884 2.07635221467353 1.67577010695823 1.27518799924292 1.50679942360148 1.949142025318 2.39148462703452 2.83382722875103 2.63118979940191 2.42855237005278 2.22591494070366 2.0360014855396 1.88425995293073 1.73251842032187 1.580776887713 1.52815830451436 1.57466267072596 1.62116703693755 1.66767140314914 1.61820002133027 1.53673672350124 1.4552734256722 1.37381012784317 1.37923131650314 1.3846525051631 1.39007369382307 -9999
1.35762078571133 -9999 -9999 -9999 -9999 -9999 -9999 -9999 -9999 -9999 -9999 -9999 -9999 -9999 -9999 -9999 -9999 -9999 -9999 -9999 -9999 -9999 -9999 -9999 -9999 -9999 -9999 -9999 2.14180403854698 2.14180403854698 2.09034981485456 2.03889559116215 1.98744136746973 2.01313269278035 2.27026066510007 2.52738863741979 2.78451660973951 2.6876951046288 2.23692412208766 1.78615313954651 1.33538215700537 1.54306098259985 1.97022307757288 2.39738517254591 2.82454726751894 2.65406521596014 2.48358316440135 2.31310111284256 2.14530289638788 1.98555618524551 1.82580947410315 1.66606276296079 1.59626632416621 1.6164201577194 1.6365739912726 1.65672782482579 1.58858259371482 1.49100434104912 1.39342608838342 1.29584783571772 1.27008410752751 1.2443203793373 1.21855665114708 -9999
-9999 -9999 -9999 -9999 -9999 -9999 -9999 -9999 -9999 -9999 -9999 -9999 -9999 -9999 -9999 -9999 -9999 -9999 -9999 -9999 -9999 -9999 -9999 -9999 -9999 -9999 -9999 -9999 -9999 2.14180403854698 2.04658047202975 1.95135690551251 1.85613333899528 1.8636117442511 2.1791960648261 2.4947803854011 2.8103647059761 2.7449390986003 2.2985035632737 1.8520680279471 1.4056324926205 1.58354441821575 1.96957216411829 2.35559991002083 2.74162765592337 2.60380592476577 2.46598419360816 2.32816246245056 2.19163791043684 2.05900489585474 1.92637188127264 1.79373886669055 1.71363357547671 1.68605600763112 1.65847843978554 1.63090087193996 1.53261102293618 1.41075041354634 1.2888898041565 1.16702919476666 1.17561710416339 1.18420501356013 1.19279292295687 -9999
1.86438111704774 1.74760360387154 1.63082609069534 -9999 -9999 -9999 -9999 -9999 -9999 -9999 -9999 -9999 -9999 -9999 -9999 -9999 -9999 -9999 -9999 -9999 -9999 -9999 -9999 -9999 -9999 -9999 -9999 -9999 -9999 -9999 -9999 1.62058062851429 1.62058062851429 1.71409079572186 2.08813146455213 2.46217213338241 2.83621280221269 2.80218309257179 2.36008300445974 1.91798291634768 1.47588282823563 1.62402785383165 1.9689212506637 2.31381464749575 2.6587080443278 2.55354663357139 2.44838522281498 2.34322381205857 2.2379729244858 2.13245360646397 2.02693428844213 1.9214149704203 1.8310008267872 1.75569185754284 1.68038288829848 1.60507391905412 1.47663945215754 1.33049648604356 1.18435351992957 1.03821055381559 1.03821055381559 -9999 -9999 -9999
1.86438111704774 1.74760360387154 1.63082609069534 -9999 -9999 -9999 -9999 -9999 -9999 -9999 -9999 -9999 -9999 -9999 -9999 -9999 -9999 -9999 -9999 -9999 -9999 -9999 -9999 -9999 -9999 -9999 -9999 -9999 -9999 -9999 -9999 1.62058062851429 1.62058062851429 1.66566985286772 1.84602675028145 2.02638364769518 2.20674054510891 2.36810272978619 2.510470201727 2.65283767366782 2.79520514560863 2.70888826902956 2.54634327627718 2.38379828352481 2.22125329077244 2.26009636279196 2.29893943481147 2.33778250683099 2.32907646289095 2.17772307107225 2.02636967925355 1.87501628743485 1.75660473480821 1.67113502137363 1.58566530793905 1.50019559450448 1.39070464367978 1.27320661372505 1.15570858377032 1.03821055381559 1.03821055381559 -9999 -9999 -9999
1.86438111704774 1.74760360387154 1.63082609069534 1.54324295581318 1.54324295581318 -9999 -9999 -9999 -9999 -9999 -9999 -9999 -9999 -9999 -9999 -9999 -9999 -9999 -9999 -9999 2.13518050150014 2.13518050150014 2.13518050150014 2.13518050150014 -9999 -9999 -9999 -9999 -9999 -9999 -9999 -9999 -9999 1.61724891001359 1.60392203601077 1.59059516200796 1.57726828800514 1.93402236700058 2.66085739899427 3.38769243098795 4.11452746298164 3.79374868422747 3.12376530189067 2.45378191955388 1.78379853721708 1.96664609201252 2.14949364680797 2.33234120160341 2.4201800012961 2.22299253568053 2.02580507006496 1.82861760444939 1.68220864282921 1.58657818520442 1.49094772757962 1.39531726995483 1.30476983520202 1.21591674140655 1.12706364761107 -9999 -9999 -9999 -9999 -9999
1.89084640843794 1.81211696052924 1.73338751262054 1.6874501737766 1.73988916212693 1.79232815047726 1.84476713882759 -9999 -9999 -9999 -9999 -9999 -9999 -9999 -9999 -9999 -9999 -9999 2.84885645471513 2.67315463162959 2.49745280854404 2.32175098545849 2.31810125336051 2.48650361225009 2.65490597113967 2.82330833002925 -9999 -9999 -9999 -9999 -9999 -9999 -9999 2.35298735671677 2.16206409386359 1.97114083101042 1.78021756815724 2.06391275161877 2.82222638139501 3.58054001117125 4.33885364094749 3.98475408554077 3.25985013507307 2.53494618460536 1.81004223413765 1.98097047116607 2.15189870819449 2.32282694522291 2.40064598224126 2.19913741922937 1.99762885621749 1.7961202932056 1.64501059683971 1.54429976711981 1.44358893739991 1.34287810768001 1.31770040025003 1.31770040025003 -9999 -9999 -9999 -9999 -9999 3.40731853991747
1.94377699121833 1.94114367384464 1.93851035647094 1.93216545274481 1.91468578996137 1.89720612717792 1.87972646439448 -9999 -9999 -9999 -9999 -9999 -9999 -9999 -9999 -9999 2.89278191048652 2.89278191048652 2.86201906437054 2.73896767990664 2.61591629544273 2.49286491097882 2.48921517888084 2.60496709914878 2.72071901941672 2.83647093968466 2.86540891975164 2.86540891975164 -9999 -9999 -9999 -9999 -9999 2.41662844433449 2.48026953195222 2.54391061956994 2.60755170718767 2.75777388364077 2.99457714892924 3.23138041421771 3.46818367950618 3.28190447296947 2.95459777582437 2.62729107867926 2.29998438153416 2.3030695002526 2.30615461897105 2.3092397376895 2.27047440572642 2.10615772171877 1.94184103771113 1.77752435370348 1.64501059683971 1.54429976711981 1.44358893739991 1.34287810768001 -9999 -9999 -9999 -9999 -9999 3.39429988525808 3.39429988525808 3.39588438346982
1.99670757399872 2.07017038716003 2.14363320032135 2.20382595201954 2.22420851932839 2.24459108663723 2.26497365394607 -9999 -9999 -9999 -9999 -9999 -9999 -9999 3.61577779403888 3.42297889175825 3.23017998947762 3.03738108719699 2.87518167402595 2.80478072818369 2.73437978234142 2.66397883649915 2.66032910440117 2.72343058604747 2.78653206769377 2.84963354934007 2.69841830595396 2.47576415422373 2.25311000249349 -9999 -9999 -9999 -9999 2.87537883734331 3.08069590246305 3.28601296758279 3.49133003270254 3.45163501566276 3.16692791646346 2.88222081726417 2.59751371806487 2.57905486039817 2.64934541657567 2.71963597275317 2.78992652893066 2.62516852933913 2.46041052974761 2.29565253015608 2.17208403046243 2.17208403046243 -9999 -9999 -9999 -9999 -9999 -9999 -9999 -9999 -9999 3.57559337862767 3.52724844706245 3.47890351549722 3.430558583932 3.38445022702217
2.03523776633665 2.15725548611954 2.27927320590243 2.36441172519699 2.33891264302656 2.31341356085613 2.28791447868571 -9999 -9999 -9999 -9999 -9999 -9999 -9999 3.61577779403888 3.57721801358275 3.53865823312663 3.5000984526705 3.43233122862875 3.27694167383015 3.12155211903155 2.96616256423295 2.92322297953069 2.99273336492479 3.06224375031888 3.13175413571298 2.92539655580185 2.62708298745565 2.32876941910945 -9999 -9999 -9999 -9999 2.83431542431936 2.87537883734331 2.91644225036725 2.9575056633912 2.88279247144237 2.69230267452076 2.50181287759915 2.31132308067754 2.34630959294736 2.45645487494767 2.56660015694797 2.67674543894827 2.54216906335205 2.40759268775582 2.2730163121596 2.17208403046243 2.17208403046243 -9999 -9999 -9999 -9999 -9999 -9999 -9999 -9999 -9999 3.57559337862767 3.56592439231463 3.55625540600158 3.54658641968854 3.47833763435483
2.07376795867458 2.24434058507904 2.41491321148351 2.52499749837443 2.45361676672474 2.38223603507504 2.31085530342534 2.27516493760049 2.27516493760049 -9999 -9999 -9999 -9999 -9999 3.61577779403888 3.73145713540725 3.84713647677563 3.96281581814401 3.98948078323156 3.74910261947662 3.50872445572168 3.26834629196674 3.18611685466021 3.26203614380211 3.337955432944 3.41387472208589 3.15237480564974 2.77840182068758 2.40442883572541 2.03045585076325 2.03045585076325 -9999 -9999 2.79325201129541 2.67006177222356 2.54687153315172 2.42368129407987 2.31394992722198 2.21767743257806 2.12140493793413 2.0251324432902 2.11356432549655 2.26356433331966 2.41356434114277 2.56356434896588 2.45916959736496 2.35477484576404 2.25038009416312 -9999 -9999 -9999 -9999 -9999 -9999 -9999 -9999 -9999 -9999 -9999 3.57559337862767 3.60460033756681 3.63360729650594 3.66261425544508 3.57222504168749
2.10192140517756 2.28219153312966 2.46246166108176 2.58164945337921 2.51759023871273 2.45353102404624 2.38947180937976 2.46326420735568 2.67490821797401 2.88655222859234 3.09819623921067 3.27677367953584 3.44432892976329 3.61188417999074 3.77943943021819 3.86766747711226 3.95589552400634 4.04412357090041 4.06521989079192 3.88492102967575 3.70462216855958 3.52432330744341 3.45591250201687 3.49938975227997 3.54286700254306 3.58634425280616 3.35308912256733 3.02758986549452 2.70209060842171 2.37659135134891 2.51504555158317 2.65349975181744 2.7919539520517 2.00404144590721 2.01238630106673 2.02073115622625 2.02907601138577 2.02442490169778 2.0067778271623 1.98913075262681 1.97148367809132 2.07505228836089 2.21902612689883 2.36299996543676 2.50697380397469 2.50697380397469 -9999 -9999 -9999 -9999 -9999 -9999 -9999 -9999 -9999 -9999 -9999 -9999 -9999 -9999 -9999 3.75688687199727 3.75688687199727 3.61856434936635
2.1196981058456 2.27080833027139 2.42191855469719 2.53436759021133 2.53083305899054 2.52729852776974 2.52376399654895 2.60587813239545 2.77364093530923 2.94140373822302 3.1091665411368 3.27677367953584 3.44432892976329 3.61188417999074 3.77943943021819 3.74581197230145 3.71218451438472 3.67855705646798 3.65954855130985 3.68439690442756 3.70924525754526 3.73409361066297 3.73260992160067 3.70479419035837 3.67697845911607 3.64916272787377 3.5275395065546 3.37464712187648 3.22175473719835 3.06886235252023 3.02271095244214 2.97655955236405 2.93040815228596 2.0012598275207 1.99847820913419 1.99569659074768 1.99291497236118 2.01421739486977 2.05960385827348 2.10499032167718 2.15037678508088 2.23077348154038 2.32284025568515 2.41490702982992 -9999 -9999 -9999 -9999 -9999 -9999 3.12483940506354 3.12483940506354 3.12483940506354 3.12483940506354 -9999 -9999 -9999 -9999 -9999 -9999 -9999 -9999 -9999 3.61735555739142
2.13747480651364 2.25942512741312 2.38137544831261 2.48708572704345 2.54407587926835 2.60106603149325 2.65805618371814 2.74849205743521 2.87237365264446 2.9962552478537 3.12013684306294 3.27677367953584 3.44432892976329 3.61188417999074 3.77943943021819 3.62395646749064 3.4684735047631 3.31299054203555 3.25387721182778 3.48387277917936 3.71386834653094 3.94386391388252 4.00930734118447 3.91019862843677 3.81108991568908 3.71198120294139 3.70198989054188 3.72170437825844 3.74141886597499 3.76113335369155 3.76113335369155 -9999 -9999 -9999 -9999 1.94979988737032 1.94979988737032 2.00400988804176 2.11242988938466 2.22084989072755 2.32926989207044 2.35637489240617 2.35637489240617 -9999 -9999 -9999 -9999 -9999 2.80708346748725 2.89787087822333 2.98865828895941 3.0794456996955 3.12483940506354 3.12483940506354 -9999 -9999 -9999 -9999 -9999 -9999 -9999 -9999 -9999 -9999
2.19775418518111 2.37910202471539 2.56044986424968 2.68578474735841 2.6430807611905 2.6003767750226 2.55767278885469 2.60839223815128 2.75253512291238 2.89667800767347 3.04082089243457 3.17947200452909 3.31629252573475 3.45311304694042 3.58993356814608 3.60209741955623 3.61426127096638 3.62642512237653 3.65704610059038 3.74303845921531 3.82903081784025 3.91502317646518 3.92191064497456 3.84969322336838 3.77747580176219 3.70525838015601 3.70198989054188 3.72170437825844 3.74141886597499 3.76113335369155 3.76113335369155 -9999 -9999 -9999 -9999 1.94979988737032 1.94979988737032 2.00400988804176 2.11242988938466 2.22084989072755 2.32926989207044 2.35637489240617 2.35637489240617 -9999 -9999 -9999 -9999 -9999 2.80708346748725 2.89787087822333 2.98865828895941 3.0794456996955 3.12483940506354 3.12483940506354 -9999 -9999 -9999 -9999 -9999 -9999 -9999 -9999 -9999 -9999
2.25803356384858 2.49877892201766 2.73952428018674 2.88448376767337 2.74208564311266 2.59968751855195 2.45728939399123 2.46829241886735 2.6326965931803 2.79710076749325 2.9615049418062 3.08217032952234 3.18825612170622 3.29434191389009 3.40042770607397 3.58023837162182 3.76004903716967 3.93985970271751 4.06021498935297 4.00220413925126 3.94419328914955 3.88618243904784 3.83451394876465 3.78918781829998 3.74386168783531 3.69853555737063 3.70198989054188 3.72170437825844 3.74141886597499 -9999 -9999 -9999 -9999 -9999 -9999 -9999 -9999 2.00400988804176 2.11242988938466 2.22084989072755 2.32926989207044 -9999 -9999 -9999 -9999 -9999 2.78438661480322 2.78438661480322 2.80708346748725 2.89787087822333 2.98865828895941 3.0794456996955 -9999 -9999 -9999 -9999 -9999 -9999 -9999 -9999 -9999 -9999 -9999 -9999
2.27739196736366 2.47868198901415 2.67997201066464 2.81379903573543 2.74523707106709 2.67667510639876 2.60811314173043 2.61168541247025 2.68739191861823 2.76309842476621 2.83880493091419 2.94336749659851 3.05754874879494 3.17173000099137 3.28591125318781 3.45063919527456 3.61536713736132 3.78009507944807 3.89718202315271 3.87134597171098 3.84550992026925 3.81967386882752 3.80675584310666 3.80675584310666 -9999 -9999 -9999 -9999 -9999 -9999 -9999 -9999 -9999 -9999 -9999 -9999 -9999 -9999 -9999 -9999 -9999 -9999 -9999 -9999 -9999 -9999 2.78438661480322 2.78438661480322 2.7978574228473 2.8517406550236 2.90562388719991 2.95950711937621 2.87961593130603 2.66595032298937 2.45228471467271 2.23861910635605 2.03707530163229 1.83957209810615 1.64206889458001 -9999 -9999 -9999 -9999 -9999
2.25582939572632 2.31881122570485 2.38179305568337 2.47373055154458 2.65253504505381 2.83133953856304 3.01014403207228 3.03857121895999 2.91662109922618 2.79467097949237 2.67272085975856 2.7630635057576 2.92417040700093 3.08527730824426 3.24638420948759 3.21329989051446 3.18021557154134 3.14713125256822 3.16794720198959 3.35046395659447 3.53298071119934 3.71549746580422 -9999 -9999 -9999 -9999 -9999 -9999 4.08785061445087 4.08785061445087 4.08785061445087 -9999 -9999 -9999 -9999 -9999 -9999 -9999 -9999 -9999 -9999 -9999 -9999 -9999 -9999 -9999 -9999 -9999 2.7978574228473 2.8517406550236 2.90562388719991 2.95950711937621 2.87961593130603 2.66595032298937 2.45228471467271 2.23861910635605 2.03707530163229 1.83957209810615 1.64206889458001 1.44456569105387 1.44456569105387 -9999 -9999 -9999
2.23426682408899 2.15894046239555 2.08361410070211 2.13366206735373 2.55983301904052 2.98600397072732 3.41217492241412 3.46545702544972 3.14585027983412 2.82624353421852 2.50663678860292 2.58275951491669 2.79079206520692 2.99882461549714 3.20685716578737 2.97596058575436 2.74506400572136 2.51416742568836 2.3409949906636 2.3409949906636 -9999 -9999 -9999 -9999 -9999 -9999 -9999 -9999 4.08785061445087 4.08785061445087 4.08785061445087 -9999 -9999 -9999 -9999 -9999 -9999 -9999 -9999 -9999 -9999 -9999 -9999 -9999 -9999 -9999 -9999 -9999 -9999 -9999 2.98644873546436 2.98644873546436 2.87961593130603 2.66595032298937 2.45228471467271 2.23861910635605 2.03707530163229 1.83957209810615 1.64206889458001 1.44456569105387 1.49270057212561 1.54083545319736 1.58897033426911 -9999
2.25620163604617 2.25012613926083 2.24405064247549 2.31357580516487 2.60990294627845 2.90623008739203 3.20255722850561 3.23856731364504 3.0142603428103 2.78995337197557 2.56564640114084 2.6490271599032 2.83497049519792 3.02091383049265 3.20685716578737 2.97596058575436 2.74506400572136 2.51416742568836 2.3409949906636 2.3409949906636 -9999 -9999 -9999 -9999 -9999 -9999 -9999 -9999 4.08785061445087 4.08785061445087 4.08785061445087 -9999 -9999 -9999 -9999 -9999 -9999 -9999 -9999 -9999 -9999 -9999 -9999 -9999 -9999 -9999 -9999 -9999 -9999 -9999 2.98644873546436 2.98644873546436 2.87961593130603 2.66595032298937 2.45228471467271 2.23861910635605 2.1807911535725 2.17490908596665 2.16902701836079 2.16314495075494 2.0196586959064 1.87617244105786 1.73268618620932 -9999
2.27813644800335 2.34131181612611 2.40448718424886 2.49348954297602 2.65997287351638 2.82645620405674 2.9929395345971 3.01167760184035 2.88267040578648 2.75366320973262 2.62465601367876 2.71529480488971 2.87914892518893 3.04300304548815 3.20685716578737 2.97596058575436 2.74506400572136 2.51416742568836 -9999 -9999 -9999 -9999 -9999 -9999 -9999 -9999 -9999 -9999 -9999 -9999 -9999 -9999 -9999 -9999 -9999 -9999 -9999 -9999 -9999 -9999 -9999 -9999 -9999 -9999 -9999 -9999 -9999 -9999 -9999 -9999 -9999 -9999 2.87961593130603 2.66595032298937 2.45228471467271 2.23861910635605 2.32450700551271 2.51024607382715 2.69598514214158 2.88172421045601 2.54661681968719 2.21150942891836 1.87640203814954 1.62507149507292
2.46198029676452 2.48431687848642 2.50665346020833 2.53738766955212 2.59331476176158 2.64924185397103 2.70516894618049 2.71989102568477 2.69340809248388 2.66692515928298 2.64044222608209 2.63382149278186 2.63382149278186 -9999 -9999 -9999 -9999 -9999 -9999 -9999 -9999 -9999 -9999 -9999 -9999 -9999 -9999 -9999 -9999 -9999 -9999 -9999 -9999 -9999 -9999 -9999 -9999 -9999 -9999 -9999 -9999 -9999 -9999 -9999 -9999 -9999 -9999 -9999 -9999 -9999 -9999 -9999 -9999 -9999 -9999 -9999 -9999 -9999 3.24101384030655 3.24101384030655 2.81009588157758 2.37917792284861 1.94825996411964 1.62507149507292
2.80773318232968 2.67914132634178 2.55054947035387 2.44527018489316 2.40992861101404 2.37458703713492 2.33924546325579 2.36320758517832 2.44647340290248 2.52973922062665 2.61300503835082 -9999 -9999 -9999 -9999 -9999 -9999 -9999 -9999 -9999 -9999 -9999 -9999 -9999 -9999 -9999 -9999 -9999 -9999 -9999 -9999 -9999 -9999 -9999 -9999 -9999 -9999 -9999 -9999 -9999 -9999 -9999 -9999 -9999 -9999 -9999 -9999 -9999 -9999 -9999 -9999 -9999 -9999 -9999 -9999 -9999 -9999 -9999 -9999 3.24101384030655 2.81009588157758 2.37917792284861 1.94825996411964 -9999
3.15348606789485 2.87396577419713 2.59444548049942 2.3531527002342 2.2265424602665 2.0999322202988 1.97332198033109 1.91001686034724 1.91001686034724 -9999 -9999 -9999 -9999 -9999 -9999 -9999 -9999 -9999 -9999 -9999 -9999 -9999 -9999 -9999 -9999 -9999 -9999 -9999 -9999 -9999 -9999 -9999 -9999 -9999 -9999 -9999 -9999 -9999 -9999 -9999 -9999 -9999 -9999 -9999 -9999 -9999 -9999 -9999 -9999 -9999 -9999 -9999 -9999 -9999 -9999 -9999 -9999 -9999 -9999 -9999 -9999 -9999 -9999 -9999
2.79015159560367 2.64275292819366 2.49535426078364 2.3531527002342 2.2265424602665 2.0999322202988 1.97332198033109 1.91001686034724 1.91001686034724 -9999 -9999 -9999 -9999 -9999 -9999 -9999 -9999 -9999 -9999 -9999 -9999 -9999 -9999 -9999 -9999 -9999 -9999 -9999 -9999 -9999 -9999 -9999 -9999 -9999 -9999 -9999 -9999 -9999 -9999 -9999 -9999 -9999 -9999 -9999 -9999 -9999 -9999 -9999 -9999 -9999 -9999 -9999 -9999 -9999 -9999 -9999 -9999 -9999 -9999 -9999 -9999 -9999 -9999 -9999
2.4268171233125 2.41154008219019 2.39626304106787 2.3531527002342 2.2265424602665 2.0999322202988 1.97332198033109 -9999 -9999 -9999 -9999 -9999 -9999 -9999 -9999 -9999 -9999 -9999 -9999 -9999 -9999 -9999 -9999 -9999 -9999 -9999 -9999 -9999 -9999 -9999 -9999 -9999 -9999 -9999 -9999 -9999 -9999 -9999 -9999 -9999 -9999 -9999 -9999 -9999 -9999 -9999 -9999 -9999 -9999 -9999 -9999 -9999 -9999 -9999 -9999 -9999 -9999 -9999 -9999 -9999 -9999 -9999 -9999 -9999
2.19436611514539 -9999 -9999 -9999 -9999 -9999 -9999 -9999 -9999 -9999 -9999 -9999 -9999 -9999 -9999 -9999 -9999 -9999 -9999 -9999 -9999 -9999 -9999 -9999 -9999 -9999 -9999 -9999 -9999 -9999 -9999 -9999 -9999 -9999 -9999 -9999 -9999 -9999 -9999 -9999 -9999 -9999 -9999 -9999 -9999 -9999 -9999 -9999 2.18373908777721 1.98426705901511 1.78479503025301 1.58532300149091 -9999 -9999 -9999 -9999 -9999 -9999 -9999 -9999 -9999 -9999 -9999 -9999
