data/climate/maas/max_precip.asc
NCOLS 360 
NROWS 180 
XLLCORNER -180 
YLLCORNER -90 
CELLSIZE 1 
NODATA_value -9999 
[rows 28 to 55 of 180, columns 124 to 185 of 360]
2.84738511638716 2.88806263497099 2.92874015355483 2.96941767213866 3.00973301706836 3.05004836199805 3.09036370692775 3.10162260197103 3.02571214735508 2.94980169273913 2.87389123812318 2.85422826558352 2.89081277512014 2.92739728465676 2.96398179419339 3.01383347553201 3.0681075474713 3.12238161941059 3.17665569134988 3.12963152979501 3.08260736824013 3.03558320668526 3.06697054859251 3.33359240088612 3.60021425317973 3.86683610547334 3.80749894492328 3.42220277152956 3.03690659813583 2.6516104247421 3.05169665906578 3.71357702929527 4.37545739952475 5.03733776975423 4.61956064868718 4.20178352762014 3.78400640655309 3.5876750391908 4.05568093294278 4.52368682669476 4.99169272044674 4.88662278978154 4.20847703469917 3.5303312796168 2.85218552453443 2.95279985340312 3.31300087692216 3.6732019004412 4.03340292396024 4.4783419878222 4.92328105168417 5.36822011554614 5.54936221288517 4.93911341065541 4.32886460842565 3.71861580619588 3.68361705215648 4.22386834630743 4.76411964045838 5.30437093460932 5.43943375814706 5.43943375814706
3.10657471837476 3.17401332361624 3.24145192885771 3.30889053409919 3.29908484732732 3.28927916055545 3.27947347378358 3.25836871750653 3.20336675271392 3.14836478792131 3.0933628231287 3.03102000430226 2.961336331442 2.89165265858173 2.82196898572147 3.05973265576176 3.39997877343558 3.74022489110939 4.08047100878321 3.71213684859686 3.34380268841051 2.97546852822416 2.85298658721149 3.46806130371988 4.08313602022827 4.69821073673666 4.66786612663418 3.99210218992084 3.3163382532075 2.64057431649417 2.80399145465344 3.24713561777025 3.69027978088707 4.13342394400388 4.00068893004209 3.8679539160803 3.7352189021185 3.75716044893488 4.24313167808577 4.72910290723667 5.21507413638756 5.10491583729163 4.39862800994888 3.69234018260613 2.98605235526338 3.32885240530595 4.02134841447696 4.71384442364797 5.40634043281898 5.7063800948672 6.00641975691542 6.30645941896364 6.36247633164749 5.6864249962382 5.01037366082892 4.33432232541963 4.1887149377726 4.57355149788782 4.95838805800304 5.34322461811826 -9999 -9999
3.29229117231444 3.39784701028839 3.50340284826234 3.60895868623629 3.51550686964765 3.42205505305901 3.32860323647037 3.25486824195832 3.24028371367604 3.22569918539375 3.21111465711147 3.16892037447542 3.09911633748561 3.0293123004958 2.959508263506 3.20585173973814 3.55757772037759 3.90930370101705 4.26102968165651 3.85983746359125 3.45864524552599 3.05745302746072 2.89424329739995 3.44498103135265 3.99571876530536 4.54645649925806 4.53607653477229 3.96457887184806 3.39308120892383 2.8215835459996 2.8539013126865 3.08749088924378 3.32108046580106 3.55467004235834 3.68788899388164 3.82110794540495 3.95432689692825 4.13953133812174 4.48069224832579 4.82185315852985 5.1630140687339 5.08286907663569 4.58141818223521 4.07996728783473 3.57851639343426 3.92767661903054 4.56037388462573 5.19307115022093 5.82576841581613 5.98249171581119 6.13921501580626 6.29593831580132 6.27176202367991 5.70488695520908 5.13801188673824 4.57113681826741 4.28769928403199 4.28769928403199 -9999 -9999 -9999 -9999
3.40453447820619 3.55956369498745 3.7145929117687 3.86962212854996 3.65899908402935 3.44837603950873 3.23775299498811 3.09112117532641 3.13646303024143 3.18180488515645 3.22714674007148 3.26792937610298 3.30415279325098 3.34037621039897 3.37659962754697 3.45219072746113 3.54090438829735 3.62961804913357 3.71833170996979 3.57273337477818 3.42713503958657 3.28153670439497 3.1907406791579 3.26435158378445 3.33796248841099 3.41157339303754 3.41213016933762 3.33963281731121 3.26713546528481 3.19463811325841 3.20142623316497 3.23464284371585 3.26785945426673 3.30107606481761 3.68116084020585 4.06124561559409 4.44133039098233 4.73478770675138 4.76836264366284 4.8019375805743 4.83551251748577 4.82048250781372 4.75684755155817 4.69321259530261 4.62957763904706 4.74927249457687 4.93007728736848 5.11088208016008 5.29168687295169 5.30667685065418 5.32166682835668 5.33665680605918 5.27721928898245 4.99449928756803 4.71177928615361 4.4290592847392 -9999 -9999 -9999 -9999 -9999 -9999
3.51677778409794 3.7212803796865 3.92578297527507 4.13028557086363 3.80249129841104 3.47469702595845 3.14690275350586 2.92737410869449 3.03264234680682 3.13791058491915 3.24317882303149 3.36693837773055 3.50918924901634 3.65144012030214 3.79369099158794 3.69852971518412 3.5242310562171 3.34993239725009 3.17563373828307 3.28562928596511 3.39562483364716 3.50562038132921 3.48723806091584 3.08372213621624 2.68020621151663 2.27669028681703 2.28818380390294 2.71468676277436 3.14118972164579 3.56769268051721 3.54895115364343 3.38179479818791 3.21463844273239 3.04748208727688 3.67443268653005 4.30138328578323 4.92833388503641 5.33004407538101 5.05603303899989 4.78202200261876 4.50801096623763 4.55809593899176 4.93227692088112 5.30645790277049 5.68063888465986 5.57086837012321 5.29978069011122 5.02869301009923 4.75760533008724 4.63086198549718 4.50411864090711 4.37737529631704 4.28231778787449 4.28231778787449 -9999 -9999 -9999 -9999 -9999 -9999 -9999 -9999
3.32462380221114 3.49644079757854 3.66825779294595 3.84007478831336 3.66317264316604 3.48627049801871 3.30936835287139 3.18846562318504 3.23556113988161 3.28265665657818 3.32975217327476 3.36916004307568 3.40088026598096 3.43260048888624 3.46432071179152 3.40509143052623 3.31554564787075 3.22599986521527 3.13645408255979 3.27477570204064 3.41309732152149 3.55141894100234 3.60791593766771 3.41893906588666 3.22996219410561 3.04098532232456 2.99248823407106 3.08447092934512 3.17645362461917 3.26843631989323 3.24264201242477 3.17758870404214 3.11253539565951 3.04748208727688 3.53430231940001 4.02112255152315 4.50794278364629 4.90398993389681 5.0277178385295 5.15144574316218 5.27517364779487 5.42199833923951 5.59191981749609 5.76184129575267 5.93176277400926 5.73091558087617 5.4064788306132 5.08204208035022 4.75760533008724 4.63086198549718 4.50411864090711 4.37737529631704 4.28231778787449 4.28231778787449 -9999 -9999 -9999 -9999 -9999 -9999 -9999 -9999
3.13246982032433 3.27160121547058 3.41073261061683 3.54986400576308 3.52385398792103 3.49784397007897 3.47183395223692 3.44955713767558 3.4384799329564 3.42740272823721 3.41632552351803 3.37138170842081 3.29257128294557 3.21376085747033 3.13495043199509 3.11165314586833 3.10686023952439 3.10206733318046 3.09727442683652 3.26392211811617 3.43056980939582 3.59721750067547 3.72859381441958 3.75415599555708 3.77971817669459 3.80528035783209 3.69679266423918 3.45425509591587 3.21171752759255 2.96917995926924 2.9363328712061 2.97338260989636 3.01043234858662 3.04748208727688 3.39417195226997 3.74086181726307 4.08755168225616 4.47793579241261 4.99940263805911 5.52086948370561 6.04233632935211 6.28590073948726 6.25156271411106 6.21722468873486 6.18288666335866 5.89096279162914 5.51317697111517 5.13539115060121 4.75760533008724 4.63086198549718 4.50411864090711 4.37737529631704 -9999 -9999 -9999 -9999 -9999 -9999 -9999 -9999 -9999 -9999
3.0673234728165 3.16712340759113 3.26692334236577 3.36672327714041 3.37238017329946 3.37803706945851 3.38369396561757 3.38485026173294 3.37250475771725 3.36015925370157 3.34781374968588 3.30813426431268 3.24112079758197 3.17410733085126 3.10709386412054 3.10908986767754 3.13408902799711 3.15908818831667 3.18408734863624 3.33503529941663 3.48598325019702 3.63693120097741 3.76632774900645 3.83107008878142 3.89581242855638 3.96055476833135 3.82281612697989 3.482596504502 3.14237688202411 2.80215725954622 2.71710235392675 2.71710235392675 -9999 5.19918080535717 5.02088381932117 4.84258683328517 4.66428984724917 4.68093502242118 5.28240668121725 5.88387834001333 6.4853499988094 6.71785193961114 6.58138416241854 6.44491638522595 6.30844860803336 6.27433166373521 6.27433166373521 -9999 -9999 -9999 -9999 -9999 -9999 -9999 -9999 -9999 -9999 -9999 -9999 -9999 5.32180069573224 4.96614226978272
3.12918475968763 3.1830073739402 3.23682998819277 3.29065260244533 3.20875119930133 3.12684979615733 3.04494839301333 2.9943449953571 3.03763561416417 3.08092623297125 3.12421685177833 3.1794177107513 3.24652880989015 3.31363990902901 3.38075100816786 3.39740159595385 3.39723201328889 3.39706243062392 3.39689284795895 3.48811524594203 3.5793376439251 3.67056004190817 3.72111774142832 3.64968134555966 3.578244949691 3.50680855382234 3.37055862229317 3.1694951551035 2.96843168791384 2.76736822072417 -9999 -9999 -9999 5.19918080535717 5.25861313403584 5.31804546271451 5.37747779139318 5.51298762392253 5.87672996800393 6.24047231208533 6.60421465616673 6.71785193961114 6.58138416241854 6.44491638522595 6.30844860803336 -9999 -9999 -9999 -9999 -9999 -9999 -9999 -9999 -9999 -9999 -9999 -9999 -9999 -9999 -9999 5.67745912168175 5.79601193033159
3.19104604655877 3.19889134028926 3.20673663401976 3.21458192775026 3.0451222253032 2.87566252285615 2.70620282040909 2.60383972898126 2.7027664706111 2.80169321224093 2.90061995387077 3.05070115718991 3.25193682219833 3.45317248720676 3.65440815221518 3.68571332423016 3.66037499858066 3.63503667293116 3.60969834728166 3.64119519246742 3.67269203765318 3.70418888283893 3.67590773385018 3.4682926023379 3.26067747082561 3.05306233931333 2.95206145383418 2.95767481438816 2.96328817494214 2.96890153549612 -9999 -9999 -9999 -9999 -9999 6.31353696808219 6.31353696808219 6.31353696808219 6.31353696808219 -9999 -9999 -9999 -9999 -9999 -9999 -9999 -9999 -9999 -9999 -9999 -9999 -9999 -9999 -9999 -9999 -9999 -9999 -9999 -9999 -9999 -9999 -9999
2.74903732957318 2.90531462850049 3.0615919274278 3.21786922635511 3.08575871447101 2.95364820258692 2.82153769070283 2.7473251959309 2.84680675249547 2.94628830906004 3.04576986562461 3.2149223126471 3.45374565012753 3.69256898760796 3.93139232508838 3.9411874464713 3.87463982915506 3.80809221183881 3.74154459452257 3.87816817453131 4.01479175454006 4.1514153345488 4.16803047526628 3.82462029810995 3.48121012095362 3.13779994379729 2.96665619127452 2.96777886338532 2.96890153549612 2.97002420760691 -9999 -9999 -9999 -9999 -9999 6.31353696808219 6.31353696808219 6.31353696808219 6.31353696808219 -9999 -9999 -9999 -9999 -9999 -9999 -9999 -9999 -9999 -9999 -9999 -9999 -9999 -9999 -9999 -9999 -9999 -9999 -9999 -9999 -9999 -9999 -9999
2.3070286125876 2.61173791671172 2.91644722083583 3.22115652495995 3.12639520363882 3.03163388231769 2.93687256099656 2.89081066288054 2.99084703437984 3.09088340587914 3.19091977737844 3.3791434681043 3.65555447805673 3.93196548800915 4.20837649796158 4.19666156871244 4.08890465972945 3.98114775074646 3.87339084176347 4.1151411565952 4.35689147142693 4.59864178625867 4.66015321668237 4.180947993882 3.70174277108163 3.22253754828125 2.98125092871487 2.97788291238248 2.9745148960501 2.97114687971771 -9999 -9999 -9999 -9999 -9999 -9999 -9999 -9999 -9999 -9999 -9999 -9999 -9999 -9999 -9999 -9999 -9999 -9999 -9999 -9999 5.02038679551333 5.02038679551333 5.02038679551333 5.02038679551333 -9999 -9999 -9999 -9999 -9999 -9999 -9999 -9999
2.26605116436258 2.54981845105067 2.83358573773876 3.11735302442685 3.08128893049434 3.04522483656183 3.00916074262932 3.01208404451609 3.13196953386068 3.25185502320528 3.37174051254988 3.52772077359259 3.71979580633342 3.91187083907425 4.10394587181509 4.14725677482784 4.1409796345979 4.13470249436796 4.12842535413802 4.39936946891248 4.67031358368695 4.94125769846141 5.00977555336431 4.47101462865248 3.93225370394066 3.39349277922884 3.1506637847051 3.20376672036946 3.25686965603381 3.30997259169817 -9999 -9999 -9999 -9999 -9999 -9999 -9999 -9999 -9999 -9999 -9999 -9999 -9999 -9999 -9999 -9999 -9999 -9999 4.65035730740055 4.7095620254986 4.76876674359664 4.82797146169469 4.85757382074371 4.79836910264567 4.73916438454762 4.67995966644958 -9999 -9999 -9999 -9999 -9999 -9999
2.62610498489812 2.71955623151734 2.81300747813657 2.90645872475579 2.95043989503756 2.99442106531933 3.0384022356011 3.11114534083754 3.270174250938 3.42920316103846 3.58823207113892 3.66065422911197 3.64646963495761 3.63228504080325 3.6181004466489 3.79297306481749 4.0308647537604 4.26875644270331 4.50664813164622 4.73085311148316 4.9550580913201 5.17926307115704 5.21689748531207 4.6948202024214 4.17274291953072 3.65066563664004 3.38077650591731 3.36307552736253 3.34537454880774 3.32767357025295 -9999 -9999 -9999 -9999 -9999 -9999 -9999 -9999 -9999 -9999 -9999 -9999 -9999 -9999 -9999 -9999 -9999 -9999 4.65035730740055 4.63062240136787 4.61088749533519 4.59115258930251 4.58128513628617 4.60102004231885 4.62075494835153 4.64048985438421 -9999 -9999 -9999 -9999 -9999 -9999
2.98615880543366 2.88929401198402 2.79242921853438 2.69556442508474 2.81959085958079 2.94361729407683 3.06764372857288 3.21020663715899 3.40837896801531 3.60655129887164 3.80472362972796 3.79358768463135 3.5731434635818 3.35269924253225 3.13225502148271 3.43868935480714 3.9207498729229 4.40281039103866 4.88487090915442 5.06233675405383 5.23980259895325 5.41726844385266 5.42401941725984 4.91862577619031 4.41323213512078 3.90783849405125 3.77781839109957 4.02317182626575 4.26852526143193 4.51387869659811 -9999 -9999 -9999 -9999 -9999 -9999 -9999 -9999 -9999 -9999 -9999 -9999 -9999 -9999 -9999 -9999 -9999 -9999 5.22643576841801 4.97414031531662 4.72184486221522 4.46954940911382 4.28032781928778 4.28032781928778 -9999 -9999 -9999 -9999 -9999 -9999 -9999 -9999
3.15205830289051 3.16495409561321 3.17784988833591 3.19074568105862 3.11767424410209 3.04460280714557 2.97153137018904 3.00972482375801 3.38171294890344 3.75370107404888 4.12568919919431 4.2610387802124 4.15974981710315 4.05846085399389 3.95717189088464 4.03368881810457 4.16947437543422 4.30525993276387 4.44104549009353 4.59262315649539 4.74420082289726 4.89577848929912 4.96824442176148 4.80337515240535 4.63850588304922 4.47363661369309 4.41573732253164 4.46480800956488 4.51387869659811 4.56294938363135 -9999 -9999 -9999 -9999 -9999 -9999 -9999 -9999 -9999 -9999 -9999 -9999 -9999 -9999 -9999 -9999 -9999 -9999 5.22643576841801 4.97414031531662 4.72184486221522 4.46954940911382 4.28032781928778 4.28032781928778 -9999 -9999 -9999 -9999 -9999 -9999 -9999 -9999
3.31795780034736 3.4406141792424 3.56327055813745 3.68592693703249 3.4157576286234 3.1455883202143 2.87541901180521 2.80924301035702 3.35504692979157 3.90085084922612 4.44665476866066 4.72848987579346 4.74635617062449 4.76422246545553 4.78208876028657 4.62868828140199 4.41819887794554 4.20770947448909 3.99722007103264 4.12290955893695 4.24859904684126 4.37428853474557 4.51246942626312 4.68812452862039 4.86377963097766 5.03943473333493 5.05365625396371 4.906444192864 4.75923213176429 4.61202007066458 -9999 -9999 -9999 -9999 -9999 -9999 -9999 -9999 -9999 -9999 -9999 -9999 -9999 -9999 -9999 -9999 -9999 5.22643576841801 5.22643576841801 4.97414031531662 4.72184486221522 4.46954940911382 -9999 -9999 -9999 -9999 -9999 -9999 -9999 -9999 -9999 -9999
3.35731397895142 3.5919804959558 3.82664701296017 4.06131352996454 3.80185921071097 3.54240489145741 3.28295057220384 3.20350603060797 3.66409082198516 4.12467561336234 4.58526040473953 4.86866685049608 4.97489495063201 5.08112305076793 5.18735115090385 4.92618801305071 4.5425611292012 4.1589342453517 3.7753073615022 3.88805276015773 4.00079815881327 4.1135435574688 4.28458192851394 4.63049921672791 4.97641650494188 5.32233379315585 5.49529243726283 5.49529243726283 -9999 -9999 -9999 -9999 -9999 -9999 -9999 -9999 -9999 -9999 -9999 -9999 -9999 -9999 -9999 -9999 -9999 -9999 -9999 5.22643576841801 5.22643576841801 5.22643576841801 -9999 -9999 -9999 -9999 -9999 -9999 -9999 -9999 -9999 -9999 4.62153484253213 4.47358358977363
3.27012683870271 3.61905304575339 3.96797925280407 4.31690545985475 4.27597899036482 4.23505252087489 4.19412605138496 4.19251388451084 4.3088446254842 4.42517536645755 4.54150610743091 4.68156970432028 4.84536615712568 5.00916260993108 5.17295906273648 4.92618801305071 4.5425611292012 4.1589342453517 3.7753073615022 3.88805276015773 4.00079815881327 4.1135435574688 4.28458192851394 4.63049921672791 4.97641650494188 5.32233379315585 -9999 -9999 -9999 -9999 -9999 -9999 -9999 -9999 -9999 -9999 -9999 -9999 -9999 -9999 -9999 -9999 -9999 -9999 -9999 -9999 -9999 -9999 -9999 -9999 -9999 -9999 -9999 -9999 -9999 -9999 -9999 -9999 4.73249828210101 4.73249828210101 4.69143322622404 4.63667981838807
3.18293969845399 3.64612559555098 4.10931149264798 4.57249738974497 4.75009877001867 4.92770015029237 5.10530153056607 5.18152173841372 4.95359842898324 4.72567511955276 4.49775181012228 4.38379015540704 4.38379015540704 -9999 -9999 -9999 -9999 -9999 -9999 -9999 -9999 -9999 -9999 -9999 -9999 -9999 -9999 -9999 -9999 -9999 -9999 -9999 -9999 -9999 -9999 -9999 -9999 -9999 -9999 -9999 -9999 -9999 -9999 -9999 -9999 -9999 -9999 -9999 -9999 -9999 -9999 -9999 -9999 -9999 -9999 -9999 4.15881962282583 4.33533613337204 4.51185264391825 4.68836915446445 4.76133160991594 4.79977604700252
4.0432989676483 4.12506914371625 4.20683931978419 4.28860949585214 4.44028689013794 4.59196428442374 4.74364167870954 4.8258257531561 4.69952986808494 4.57323398301378 4.44693809794262 4.38379015540704 4.38379015540704 -9999 -9999 -9999 -9999 -9999 -9999 -9999 -9999 -9999 -9999 -9999 -9999 -9999 -9999 -9999 -9999 -9999 -9999 -9999 -9999 -9999 -9999 -9999 -9999 -9999 -9999 -9999 -9999 -9999 -9999 -9999 -9999 -9999 -9999 -9999 -9999 -9999 -9999 -9999 -9999 -9999 -9999 -9999 4.15881962282583 4.33533613337204 4.51185264391825 4.68836915446445 4.68617895478383 4.62441985169426
4.9036582368426 4.60401269188151 4.30436714692041 4.00472160195932 4.13047501025721 4.25622841855511 4.38198182685301 4.47012976789847 4.44546130718663 4.4207928464748 4.39612438576296 -9999 -9999 -9999 -9999 -9999 -9999 -9999 -9999 -9999 -9999 -9999 -9999 -9999 -9999 -9999 -9999 -9999 -9999 -9999 -9999 -9999 -9999 -9999 -9999 -9999 -9999 -9999 -9999 -9999 -9999 -9999 -9999 -9999 -9999 -9999 -9999 -9999 -9999 -9999 -9999 -9999 -9999 -9999 4.07056136755273 4.07056136755273 4.15881962282583 4.33533613337204 4.51185264391825 4.68836915446445 4.61102629965171 4.44906365638599
4.96340406546369 4.60736423777416 4.25132441008464 3.89528458239511 3.99940748373047 4.10353038506582 4.20765328640118 4.2857454624027 4.2857454624027 -9999 -9999 -9999 -9999 -9999 -9999 -9999 -9999 -9999 -9999 -9999 -9999 -9999 -9999 -9999 -9999 -9999 -9999 -9999 -9999 -9999 -9999 -9999 -9999 -9999 -9999 -9999 -9999 -9999 -9999 -9999 -9999 -9999 -9999 -9999 -9999 -9999 -9999 -9999 -9999 -9999 -9999 -9999 4.31334686418995 4.27288261475042 4.23241836531088 4.19195411587134 4.1683357777074 4.16156335081905 4.1547909239307 4.14801849704236 4.21633674111217 4.30968520883471
4.22253645351157 4.13512378139421 4.04771110927686 3.96029843715951 4.04708431055769 4.13387018395588 4.22065605735406 -9999 -9999 -9999 -9999 -9999 -9999 -9999 -9999 -9999 -9999 -9999 -9999 -9999 -9999 -9999 -9999 -9999 -9999 -9999 -9999 -9999 -9999 -9999 -9999 -9999 -9999 -9999 -9999 -9999 -9999 -9999 -9999 -9999 -9999 -9999 -9999 -9999 -9999 -9999 -9999 -9999 -9999 -9999 -9999 -9999 4.32683494733647 4.34032303048298 4.35381111362949 4.367299196776 4.34368085861206 4.28295609913766 4.22223133966327 4.16150658018887 4.43998690601438 4.83153559360653
3.48166884155944 3.66288332501426 3.84409780846909 4.02531229192391 4.02531229192391 -9999 -9999 -9999 -9999 -9999 -9999 -9999 -9999 -9999 -9999 -9999 -9999 -9999 -9999 -9999 -9999 -9999 -9999 -9999 -9999 -9999 -9999 -9999 -9999 -9999 -9999 -9999 -9999 -9999 -9999 -9999 -9999 -9999 -9999 -9999 -9999 -9999 -9999 -9999 -9999 -9999 -9999 -9999 3.36123830638826 3.73927898705006 4.11731966771185 4.49536034837365 4.76538910064846 4.71138206776232 4.65737503487617 4.60336800199002 4.51902593951672 4.40434884745628 4.28967175539583 4.17499466333538 4.66363707091659 5.35338597837836
3.82039442332461 3.88870037952438 3.95700633572415 4.02531229192391 4.02531229192391 -9999 -9999 -9999 -9999 -9999 -9999 -9999 -9999 -9999 -9999 -9999 -9999 -9999 -9999 -9999 -9999 -9999 -9999 -9999 -9999 -9999 -9999 -9999 -9999 -9999 -9999 -9999 -9999 -9999 -9999 -9999 -9999 -9999 -9999 -9999 -9999 -9999 -9999 -9999 -9999 -9999 -9999 -9999 3.36123830638826 3.73927898705006 4.11731966771185 4.49536034837365 4.72726615145802 4.52076732181013 4.31426849216223 4.10776966251433 4.09102370962501 4.26403063349426 4.43703755736351 4.61004448123276 4.85486760176718 5.12362945452332
4.15912000508979 4.1145174340345 4.0699148629792 -9999 -9999 -9999 -9999 -9999 -9999 -9999 -9999 -9999 -9999 -9999 -9999 -9999 -9999 -9999 -9999 -9999 -9999 -9999 -9999 -9999 -9999 -9999 -9999 -9999 -9999 -9999 -9999 -9999 -9999 -9999 -9999 -9999 -9999 -9999 -9999 -9999 -9999 -9999 -9999 -9999 -9999 -9999 -9999 3.36123830638826 3.36123830638826 3.73927898705006 4.11731966771185 4.49536034837365 4.68914320226759 4.33015257585794 3.97116194944829 3.61217132303864 3.66302147973329 4.12371241953224 4.58440335933119 5.04509429913014 5.04609813261777 4.89387293066829
4.40427542198449 4.40427542198449 -9999 -9999 -9999 -9999 -9999 -9999 -9999 -9999 -9999 -9999 -9999 -9999 -9999 -9999 -9999 -9999 -9999 -9999 -9999 -9999 -9999 -9999 -9999 -9999 -9999 -9999 -9999 -9999 -9999 -9999 -9999 -9999 -9999 -9999 -9999 -9999 -9999 -9999 -9999 -9999 -9999 -9999 -9999 3.31594777805731 3.32418241957203 3.33241706108674 3.34065170260146 3.70081965113059 4.06098759965971 4.42115554818884 4.61128312116489 4.29128956748173 3.97129601379856 3.6513024601154 3.74763191817328 4.26028438797221 4.77293685777113 5.28558932757005 5.14171339804307 4.77899466874078
