data/climate/maas/max_precip.asc
NCOLS 360 
NROWS 180 
XLLCORNER -180 
YLLCORNER -90 
CELLSIZE 1 
NODATA_value -9999 
[rows 0 to 27 of 180, columns 248 to 309 of 360]
-9999 -9999 -9999 -9999 -9999 -9999 -9999 -9999 -9999 -9999 -9999 -9999 -9999 -9999 -9999 -9999 -9999 -9999 -9999 -9999 -9999 -9999 -9999 -9999 -9999 -9999 -9999 -9999 -9999 -9999 -9999 -9999 -9999 -9999 -9999 -9999 -9999 -9999 -9999 -9999 -9999 -9999 -9999 -9999 -9999 -9999 -9999 -9999 -9999 -9999 -9999 -9999 -9999 -9999 -9999 -9999 -9999 -9999 -9999 -9999 -9999 -9999
-9999 -9999 -9999 -9999 -9999 -9999 -9999 -9999 -9999 -9999 -9999 -9999 -9999 -9999 -9999 -9999 -9999 -9999 -9999 -9999 -9999 -9999 -9999 -9999 -9999 -9999 -9999 -9999 -9999 -9999 -9999 -9999 -9999 -9999 -9999 -9999 -9999 -9999 -9999 -9999 -9999 -9999 -9999 -9999 -9999 -9999 -9999 -9999 -9999 -9999 -9999 -9999 -9999 -9999 -9999 -9999 -9999 -9999 -9999 -9999 -9999 -9999
-9999 -9999 -9999 -9999 -9999 -9999 -9999 -9999 -9999 -9999 -9999 -9999 -9999 -9999 -9999 -9999 -9999 -9999 -9999 -9999 -9999 -9999 -9999 -9999 -9999 -9999 -9999 -9999 -9999 -9999 -9999 -9999 -9999 -9999 -9999 -9999 -9999 -9999 -9999 -9999 -9999 -9999 -9999 -9999 -9999 -9999 -9999 -9999 -9999 -9999 -9999 -9999 -9999 -9999 -9999 -9999 -9999 -9999 -9999 -9999 -9999 -9999
-9999 -9999 -9999 -9999 -9999 -9999 -9999 -9999 -9999 -9999 -9999 -9999 -9999 -9999 -9999 -9999 -9999 -9999 -9999 -9999 -9999 -9999 -9999 -9999 -9999 -9999 -9999 -9999 -9999 -9999 -9999 -9999 -9999 -9999 -9999 -9999 -9999 -9999 -9999 -9999 -9999 -9999 -9999 -9999 -9999 -9999 -9999 -9999 -9999 -9999 -9999 -9999 -9999 -9999 -9999 -9999 -9999 -9999 -9999 -9999 -9999 -9999
-9999 -9999 -9999 -9999 -9999 -9999 -9999 -9999 -9999 -9999 -9999 -9999 -9999 -9999 -9999 -9999 -9999 -9999 -9999 -9999 -9999 -9999 -9999 -9999 -9999 -9999 -9999 -9999 -9999 -9999 -9999 -9999 -9999 -9999 -9999 -9999 -9999 -9999 -9999 -9999 -9999 -9999 -9999 -9999 -9999 -9999 -9999 -9999 -9999 -9999 -9999 -9999 -9999 -9999 -9999 -9999 -9999 -9999 -9999 -9999 -9999 -9999
-9999 -9999 -9999 -9999 -9999 -9999 -9999 -9999 -9999 -9999 -9999 -9999 -9999 -9999 -9999 -9999 -9999 -9999 -9999 -9999 -9999 -9999 -9999 -9999 -9999 -9999 -9999 -9999 -9999 -9999 -9999 -9999 -9999 -9999 -9999 -9999 -9999 -9999 -9999 -9999 -9999 -9999 -9999 -9999 -9999 -9999 -9999 -9999 -9999 -9999 -9999 -9999 -9999 -9999 -9999 -9999 -9999 -9999 -9999 -9999 -9999 -9999
-9999 -9999 -9999 -9999 -9999 -9999 -9999 -9999 -9999 -9999 -9999 -9999 -9999 -9999 -9999 -9999 -9999 -9999 -9999 -9999 -9999 -9999 -9999 -9999 -9999 -9999 -9999 -9999 -9999 -9999 -9999 -9999 -9999 -9999 -9999 -9999 -9999 -9999 -9999 -9999 -9999 -9999 -9999 -9999 -9999 -9999 -9999 -9999 -9999 -9999 -9999 -9999 -9999 -9999 -9999 -9999 -9999 -9999 -9999 -9999 -9999 -9999
-9999 -9999 -9999 -9999 -9999 -9999 -9999 -9999 -9999 -9999 -9999 -9999 -9999 -9999 -9999 -9999 -9999 -9999 -9999 -9999 -9999 -9999 -9999 -9999 -9999 -9999 -9999 -9999 -9999 -9999 -9999 -9999 -9999 -9999 -9999 -9999 -9999 -9999 -9999 -9999 -9999 -9999 -9999 -9999 -9999 -9999 -9999 -9999 -9999 -9999 -9999 -9999 -9999 -9999 -9999 -9999 -9999 -9999 -9999 -9999 -9999 -9999
-9999 -9999 -9999 -9999 -9999 -9999 -9999 -9999 -9999 -9999 -9999 -9999 -9999 -9999 -9999 -9999 -9999 -9999 -9999 -9999 -9999 -9999 -9999 -9999 -9999 -9999 -9999 -9999 -9999 -9999 -9999 -9999 -9999 -9999 -9999 -9999 -9999 -9999 -9999 -9999 -9999 -9999 -9999 -9999 -9999 -9999 -9999 -9999 -9999 -9999 -9999 -9999 -9999 -9999 -9999 -9999 -9999 -9999 -9999 -9999 -9999 -9999
-9999 -9999 -9999 -9999 -9999 -9999 -9999 -9999 -9999 -9999 -9999 -9999 -9999 -9999 -9999 -9999 -9999 -9999 -9999 -9999 -9999 -9999 -9999 -9999 -9999 -9999 -9999 -9999 -9999 -9999 -9999 -9999 -9999 -9999 -9999 -9999 -9999 -9999 -9999 -9999 -9999 -9999 -9999 -9999 -9999 -9999 -9999 -9999 -9999 -9999 -9999 -9999 -9999 -9999 -9999 -9999 -9999 -9999 -9999 -9999 -9999 1.61030436283909
-9999 -9999 -9999 -9999 -9999 -9999 -9999 -9999 -9999 -9999 -9999 -9999 -9999 -9999 -9999 -9999 -9999 -9999 -9999 -9999 -9999 -9999 -9999 -9999 -9999 -9999 -9999 -9999 -9999 -9999 -9999 -9999 -9999 -9999 -9999 -9999 -9999 1.42355850432068 1.44719392061234 1.47082933690399 1.49446475319564 1.47908675833605 1.45070429309271 1.42232182784937 1.39393936260603 1.36364871519618 1.33335806778632 1.30306742037646 1.27544882416259 1.25584638153668 1.23624393891077 1.21664149628486 -9999 -9999 -9999 -9999 -9999 -9999 -9999 1.04462310264353 1.20924930099864 1.37387549935374
-9999 -9999 -9999 -9999 -9999 -9999 -9999 -9999 -9999 -9999 -9999 -9999 -9999 -9999 -9999 -9999 -9999 -9999 -9999 -9999 -9999 -9999 -9999 -9999 -9999 -9999 -9999 -9999 -9999 -9999 -9999 -9999 -9999 -9999 -9999 1.41174079617485 1.41174079617485 1.42355850432068 1.44719392061234 1.47082933690399 1.49446475319564 1.47908675833605 1.45070429309271 1.42232182784937 1.39393936260603 1.36364871519618 1.33335806778632 1.30306742037646 1.27544882416259 1.25584638153668 1.23624393891077 1.21664149628486 1.20684027497191 1.20684027497191 -9999 -9999 -9999 -9999 1.04462310264353 1.04462310264353 1.23680502560455 1.42898694856558
-9999 -9999 -9999 -9999 -9999 -9999 -9999 -9999 -9999 -9999 -9999 -9999 -9999 -9999 -9999 -9999 -9999 -9999 -9999 -9999 -9999 -9999 -9999 -9999 -9999 -9999 -9999 -9999 -9999 1.52187868952751 1.56472949311137 1.60758029669523 1.65043110027909 1.66451397584751 1.59229306736961 1.52007215889171 1.44785125041381 1.42355850432068 1.44719392061234 1.47082933690399 1.49446475319564 1.47908675833605 1.45070429309271 1.42232182784937 1.39393936260603 1.36364871519618 1.33335806778632 1.30306742037646 1.27544882416259 1.25584638153668 1.23624393891077 1.21664149628486 1.25447497644927 1.349744379404 1.44501378235873 1.54028318531346 1.46020504937042 1.32167773379479 1.18315041821916 1.04462310264353 1.26436075021047 1.48409839777742
-9999 -9999 -9999 -9999 -9999 -9999 -9999 -9999 -9999 -9999 -9999 -9999 -9999 -9999 -9999 -9999 -9999 -9999 -9999 -9999 -9999 -9999 -9999 -9999 -9999 -9999 -9999 -9999 -9999 1.52187868952751 1.56472949311137 1.60758029669523 1.65043110027909 1.67306917905807 1.63506908342242 1.59706898778677 1.55906889215112 1.54182881349698 1.54534875182435 1.54886869015172 1.55238862847909 1.52286049746908 1.48231634334661 1.44177218922414 1.40122803510167 1.39235794474371 1.38348785438575 1.37461776402779 1.37377777474467 1.39702808868606 1.42027840262745 1.44352871656884 1.46968009520788 1.49873253854457 1.52778498188127 1.55683742521796 1.55793286242988 1.5497092976002 1.54148573277052 1.53326216794085 1.76701748406049 2.00077280018013
-9999 -9999 -9999 -9999 -9999 -9999 -9999 -9999 -9999 -9999 -9999 -9999 -9999 -9999 -9999 -9999 -9999 -9999 -9999 -9999 -9999 -9999 -9999 -9999 -9999 -9999 -9999 -9999 1.52187868952751 1.52187868952751 1.56472949311137 1.60758029669523 1.65043110027909 1.68162438226864 1.67784509947523 1.67406581668183 1.67028653388843 1.66009912267327 1.64350358303636 1.62690804339945 1.61031250376254 1.56663423660211 1.51392839360051 1.4612225505989 1.4085167075973 1.42106717429124 1.43361764098518 1.44616810767911 1.47210672532674 1.53820979583543 1.60431286634412 1.67041593685281 1.68488521396648 1.64772069768514 1.61055618140381 1.57339166512247 1.65566067548934 1.77774086140562 1.89982104732189 2.02190123323817 2.26967421791051 2.51744720258284
1.60694529418834 1.6554055607412 1.70386582729407 1.79234151961282 2.00086348922923 2.20938545884565 2.41790742846206 2.59744934504852 2.74801120860502 2.89857307216153 3.04913493571803 2.77185066137463 2.35195100773126 1.93205135408789 1.51215170044452 1.5981383761391 1.68412505183369 1.77011172752827 1.83492182870395 1.83620220632292 1.83748258394189 1.83876296156086 1.84160136734135 1.84599780128337 1.85039423522539 1.85479066916741 1.82626747176982 1.7867710639257 1.74727465608157 1.70777824823745 1.7131000275258 1.71842180681415 1.7237435861025 1.72919084667228 1.73501455108635 1.74083825550042 1.74666195991449 1.73834331915714 1.71588233322836 1.69342134729959 1.67096036137082 1.6646466110833 1.6637152726762 1.6627839342691 1.661852595862 1.62713251495734 1.59241243405268 1.55769235314801 1.5453518636059 1.60015014815144 1.65494843269698 1.70974671724252 1.71553932479583 1.67232625535689 1.62911318591796 1.58590011647902 1.74823743710294 1.97909155441448 2.20994567172602 2.44079978903756 2.60039768787101 2.75999558670446
1.60694529418834 1.6554055607412 1.70386582729407 1.79234151961282 2.00086348922923 2.20938545884565 2.41790742846206 2.59744934504852 2.74801120860502 2.89857307216153 3.04913493571803 2.77185066137463 2.35195100773126 1.93205135408789 1.51215170044452 1.5981383761391 1.68412505183369 1.77011172752827 1.83492182870395 1.83620220632292 1.83748258394189 1.83876296156086 1.84160136734135 1.84599780128337 1.85039423522539 1.85479066916741 1.9006272952538 1.96027731872164 2.01992734218948 2.07957736565731 2.00984109635465 1.94010482705198 1.87036855774932 1.81576857226901 1.80657743825577 1.79738630424254 1.7881951702293 1.77656140294857 1.76248500240035 1.74840860185213 1.73433220130391 1.81689762091264 1.93167698057368 2.04645634023473 2.16123569989577 2.01055396674201 1.85987223358825 1.70919050043449 1.59351318958215 1.5828491456341 1.57218510168605 1.56152105773799 1.56164242769592 1.57254921155982 1.58345599542372 1.59436277928762 1.83566314727068 2.15376137662679 2.4718596059829 2.78995783533901 2.759187893942 2.72841795254499
1.60694529418834 1.6554055607412 1.70386582729407 1.79234151961282 2.00086348922923 2.20938545884565 2.41790742846206 2.59744934504852 2.74801120860502 2.89857307216153 3.04913493571803 2.77185066137463 2.35195100773126 1.93205135408789 1.51215170044452 1.5981383761391 1.68412505183369 1.77011172752827 1.83492182870395 1.83620220632292 1.83748258394189 1.83876296156086 1.84160136734135 1.84599780128337 1.85039423522539 1.85479066916741 1.97498711873777 2.13378357351758 2.29258002829738 2.45137648307718 2.3065821651835 2.16178784728982 2.01699352939613 1.90234629786573 1.87814032542519 1.85393435298465 1.82972838054411 1.81477948674001 1.80908767157234 1.80339585640468 1.79770404123701 1.96914863074198 2.19963868847117 2.43012874620035 2.66061880392954 2.39397541852668 2.12733203312382 1.86068864772096 1.64167451555841 1.56554814311676 1.48942177067511 1.41329539823346 1.407745530596 1.47277216776274 1.53779880492948 1.60282544209622 1.92308885743842 2.3284311988391 2.73377354023978 3.13911588164046 2.91797810001299 2.69684031838551
2.07488252758048 2.06341582420282 2.05194912082516 2.06009699497372 2.12708860170096 2.1940802084282 2.26107181515545 2.33675258047879 2.42112250439823 2.50549242831767 2.58986235223711 2.55083742644638 2.4706808840856 2.39052434172481 2.31036779936403 2.24175838474184 2.17314897011966 2.10453955549747 2.05692340736277 2.07228705869056 2.08765071001835 2.10301436134614 2.12101728958078 2.14165949472226 2.16230169986375 2.18294390500523 2.22530980291776 2.27491693175398 2.32452406059019 2.37413118942641 2.31239006551914 2.25064894161187 2.1889078177046 2.18287184578367 2.34395132982172 2.50503081385978 2.66611029789783 2.62113501294516 2.37010495900176 2.11907490505837 1.86804485111497 1.90202281298116 2.03100344678387 2.15998408058658 2.28896471438929 2.40786562347785 2.5267665325664 2.64566744165495 2.64942861744203 2.30777059332468 1.96611256920733 1.62445454508997 1.56914629717357 1.80018782545812 2.03122935374267 2.26227088202722 2.35254821833223 2.39590415731072 2.43926009628922 2.48261603526771 2.34919785428792 2.21577967330813
2.54281976097263 2.47142608766444 2.40003241435625 2.32785247033462 2.25331371417269 2.17877495801076 2.10423620184883 2.07605581590906 2.09423380019143 2.11241178447381 2.13058976875618 2.32982419151813 2.58941076043993 2.84899732936174 3.10858389828354 2.88537839334458 2.66217288840562 2.43896738346666 2.27892498602159 2.3083719110582 2.33781883609481 2.36726576113142 2.4004332118202 2.43732118816115 2.4742091645021 2.51109714084305 2.47563248709776 2.41605028999038 2.35646809288301 2.29688589577563 2.31819796585478 2.33951003593393 2.36082210601307 2.4633973937016 2.80976233421825 3.1561272747349 3.50249221525155 3.42749053915031 2.93112224643119 2.43475395371206 1.93838566099294 1.83489699522033 1.86236820509657 1.88983941497281 1.91731062484905 2.42175582842901 2.92620103200898 3.43064623558894 3.65718271932565 3.0499930435326 2.44280336773954 1.83561369194649 1.73054706375115 2.12760348315351 2.52465990255587 2.92171632195823 2.78200757922605 2.46337711578235 2.14474665233865 1.82611618889496 1.78041760856286 1.73471902823076
2.69838481186889 2.61943452595733 2.54048424004577 2.46238595573232 2.38684367621318 2.31130139669403 2.23575911717489 2.19394079223275 2.18584642186761 2.17775205150247 2.16965768113732 2.41647976404056 2.74827399803326 3.08006823202595 3.41186246601865 3.20459456322715 2.99732666043565 2.79005875764415 2.63023885572329 2.61276295641437 2.59528705710545 2.57781115779653 2.57257634494454 2.57958261854947 2.5865888921544 2.59359516575933 2.56578821036965 2.5263768453151 2.48696548026055 2.447554115206 2.44128699135035 2.4350198674947 2.42875274363905 2.52345996815711 2.92109023779631 3.3187205074355 3.71635077707469 3.70061122672632 3.27150185639039 2.84239248605445 2.41328311571851 2.28433836903423 2.2554484969005 2.22655862476677 2.19766875263304 2.70492128189653 3.21217381116003 3.71942634042352 3.96954262861982 3.44825019361451 2.92695775860921 2.4056653236039 2.26250288682058 2.49747044825926 2.73243800969794 2.96740557113662 2.7690610466525 2.4262791601941 2.0834972737357 1.74071538727731 1.73216209933162 1.72360881138593
2.54157768026926 2.50744113908149 2.47330459789373 2.46369745116681 2.52767848782241 2.59165952447802 2.65564056113362 2.69040750944987 2.69596036942676 2.70151322940364 2.70706608938053 2.81080414401367 2.94727059686556 3.08373704971746 3.22020350256935 3.19940689438954 3.17861028620973 3.15781367802992 3.11086501646787 2.98546019475907 2.86005537305027 2.73465055134147 2.63744668895379 2.56844378588721 2.49944088282064 2.43043797975406 2.49577697273344 2.60589659772813 2.71601622272283 2.82613584771752 2.68165714200586 2.5371784362942 2.39269973058254 2.36305956915021 2.67793504055589 2.99281051196158 3.30768598336726 3.44049707567319 3.39124378887936 3.34199050208554 3.29273721529171 3.25034693442285 3.21024432219565 3.17014170996845 3.13003909774125 3.2573619838804 3.38468487001956 3.51200775615871 3.58650834532455 3.50254204357043 3.41857574181631 3.3346094400622 3.16501376638189 2.9097887207754 2.6545636751689 2.39933862956241 2.31370862061158 2.28461029054597 2.25551196048036 2.22641363041475 2.2044313265942 2.18244902277365
2.38477054866962 2.39544775220565 2.40612495574169 2.4650089466013 2.66851329943165 2.872017652262 3.07552200509235 3.18687422666699 3.20607431698591 3.22527440730482 3.24447449762374 3.20512852398679 3.14626719569787 3.08740586740896 3.02854453912005 3.19421922555193 3.35989391198382 3.5255685984157 3.59149117721245 3.35815743310377 3.12482368899509 2.89148994488642 2.70231703296304 2.55730495322496 2.41229287348688 2.2672807937488 2.42576573509723 2.68541635014117 2.94506696518511 3.20471758022904 2.92202729266137 2.63933700509369 2.35664671752602 2.20265917014331 2.43477984331548 2.66690051648766 2.89902118965983 3.18038292462006 3.51098572136834 3.84158851811662 4.1721913148649 4.21635549981147 4.1650401474908 4.11372479517013 4.06240944284946 3.80980268586427 3.55719592887908 3.30458917189389 3.20347406202927 3.55683389352635 3.91019372502342 4.26355355652049 4.06752464594319 3.32210699329153 2.57668934063986 1.83127168798819 1.85835619457066 2.14294142089784 2.42752664722502 2.7121118735522 2.67670055385679 2.64128923416138
2.49501498439349 2.6704170035664 2.84581902273931 3.03921408997849 3.28658830141649 3.53396251285449 3.78133672429249 3.80096967704594 3.59286137111485 3.38475306518376 3.17664475925267 3.12225623661652 3.11910764174536 3.1159590468742 3.11281045200303 3.22003299789503 3.32725554378703 3.43447808967903 3.46124677872285 3.24665389722213 3.03206101572141 2.81746813422069 2.68747701589018 2.64208766072989 2.59669830556959 2.55130895040929 2.61385153094307 2.71237142337486 2.81089131580666 2.90941120823845 2.79809345724061 2.68677570624277 2.57545795524493 2.49929784983397 2.52861068118364 2.55792351253331 2.58723634388298 2.74568891013041 3.03328121127561 3.3208735124208 3.608465813566 3.65508759766817 3.62138587608933 3.5876841545105 3.55398243293166 3.43891975656152 3.32385708019137 3.20879440382123 3.18434609798715 3.43174090376124 3.67913570953533 3.92653051530942 3.84819960175082 3.44414296885952 3.04008633596823 2.63602970307693 2.72840191796422 2.98625041544437 3.24409891292453 3.50194741040468 3.28397497069091 3.06600253097713
2.60525942011736 2.94538625492714 3.28551308973692 3.61341923335567 3.90466330340132 4.19590737344697 4.48715144349262 4.4150651274249 3.97964842524379 3.54423172306269 3.10881502088159 3.03938394924626 3.09194808779284 3.14451222633943 3.19707636488602 3.24584677023813 3.29461717559025 3.34338758094236 3.33100238023326 3.13515036134049 2.93929834244773 2.74344632355496 2.67263699881732 2.72687036823481 2.7811037376523 2.83533710706979 2.8019373267889 2.73932649660856 2.67671566642821 2.61410483624786 2.67415962181985 2.73421440739185 2.79426919296384 2.79593652952462 2.62244151905179 2.44894650857896 2.27545149810612 2.31099489564076 2.55557670118287 2.80015850672498 3.04474031226709 3.09381969552487 3.07773160468787 3.06164351385087 3.04555542301387 3.06803682725877 3.09051823150367 3.11299963574857 3.16521813394502 3.30664791399613 3.44807769404724 3.58950747409835 3.62887455755845 3.56617894442752 3.50348333129659 3.44078771816567 3.59844764135778 3.82955940999091 4.06067117862403 4.29178294725716 3.89124938752502 3.49071582779288
2.59703269111924 2.97023814520799 3.34344359929673 3.68879918055609 3.95060514332727 4.21241110609844 4.47421706886962 4.3953586067073 3.9758357196115 3.55631283251569 3.13678994541988 3.03656923910603 3.04278259305283 3.04899594699964 3.05520930094644 3.11589806852862 3.1765868361108 3.23727560369298 3.23841491178609 3.06090584141202 2.88339677103795 2.70588770066388 2.65134139708243 2.71975786029361 2.78817432350479 2.85659078671597 2.78667779755779 2.67065499094315 2.55463218432851 2.43860937771387 2.56635390711017 2.69409843650647 2.82184296590276 2.86349410959519 2.64686509617604 2.43023608275689 2.21360706933774 2.18439345038496 2.34259522589855 2.50079700141214 2.65899877692573 2.67612031032331 2.6462150963489 2.61630988237448 2.58640466840006 2.66186221526004 2.73731976212002 2.81277730898 2.90703322459012 3.05768424645066 3.2083352683112 3.35898629017174 3.5297857937403 3.72073377901688 3.91168176429346 4.10262974957004 4.20799871301278 4.28484133584425 4.36168395867571 4.43852658150718 4.01289223087952 3.58725788025185
2.47033479739912 2.74497267440893 3.01961055141874 3.26535393157974 3.42441382119432 3.5834737108089 3.74253360042349 3.74185011489317 3.58142325421795 3.42099639354274 3.26056953286752 3.11381210619584 2.97161115752533 2.82941020885482 2.68720926018432 2.83018689276651 2.97316452534869 3.11614215793088 3.18348437338136 3.02392033743672 2.86435630149208 2.70479226554744 2.62359021068551 2.62075013690628 2.61791006312706 2.61506998934783 2.56807294324972 2.50635690637864 2.44464086950757 2.38292483263649 2.47467631311156 2.56642779358663 2.65817927406169 2.70197059004568 2.60188141255639 2.50179223506711 2.40170305757783 2.36588457436301 2.39433678542264 2.42278899648227 2.4512412075419 2.4019894420635 2.32683635107242 2.25168326008134 2.17653016909026 2.22039592056535 2.26426167204045 2.30812742351554 2.40979136992246 2.68484990112484 2.95990843232721 3.23496696352959 3.55093331029639 3.90780747262761 4.26468163495883 4.62155579729006 4.55705513292924 4.3520961930044 4.14713725307956 3.94217831315473 3.64890350075439 3.35562868835405
2.343636903679 2.51970720360987 2.69577750354074 2.84190868260339 2.89822249906138 2.95453631551936 3.01085013197735 3.08834162307903 3.18701078882441 3.28567995456979 3.38434912031516 3.19105497328565 2.90043972199783 2.60982447071001 2.31920921942219 2.54447571700439 2.76974221458659 2.99500871216878 3.12855383497663 2.98693483346142 2.84531583194621 2.703696830431 2.59583902428858 2.52174241351895 2.44764580274932 2.37354919197969 2.34946808894165 2.34205882181413 2.33464955468662 2.32724028755911 2.38299871911295 2.43875715066679 2.49451558222063 2.54044707049616 2.55689772893675 2.57334838737734 2.58979904581793 2.54737569834106 2.44607834494673 2.3447809915524 2.24348363815807 2.12785857380368 2.00745760579593 1.88705663778819 1.76665566978045 1.77892962587066 1.79120358196087 1.80347753805108 1.9125495152548 2.31201555579901 2.71148159634322 3.11094763688743 3.57208082685247 4.09488116623834 4.6176815056242 5.14048184501007 4.90611155284569 4.41935105016455 3.93259054748341 3.44583004480228 3.44583004480228 -9999
