data/climate/maas/max_temp.asc
NCOLS 360 
NROWS 180 
XLLCORNER -180 
YLLCORNER -90 
CELLSIZE 1 
NODATA_value -9999 
[rows 28 to 55 of 180, columns 124 to 185 of 360]
22.8181005859375 22.848671875 22.8792431640625 22.909814453125 23.0104736328125 23.1111328125 23.2117919921875 23.2986893717448 23.3443013509115 23.3899133300781 23.4355253092448 23.4565840657552 23.4530895996094 23.4495951334636 23.4461006673177 23.3989221191407 23.3371822102865 23.2754423014323 23.2137023925781 23.365370686849 23.5170389811198 23.6687072753906 23.6621183268229 23.1807576497396 22.6993969726563 22.2180362955729 22.2046736653646 22.6593090820313 23.1139444986979 23.5685799153646 23.3265063476563 22.8521964518229 22.3778865559896 21.9035766601563 22.4263240559896 22.9490714518229 23.4718188476563 23.4433264160156 21.7611145019532 20.0789025878906 18.3966906738281 17.9416068522136 18.7136511230469 19.4856953938802 20.2577396647136 20.5176867675781 20.6069348144531 20.6961828613281 20.7854309082031 19.499335530599 18.2132401529948 16.9271447753906 16.2033443196615 17.1664286295573 18.1295129394532 19.092597249349 18.8672115071615 17.4533557128906 16.0394999186198 14.625644124349 14.2721801757813 14.2721801757813
23.0693676757813 23.0533536783854 23.0373396809896 23.0213256835938 23.1781860351563 23.3350463867188 23.4919067382813 23.6280489095052 23.7020365397136 23.7760241699219 23.8500118001302 23.9412544759115 24.0497521972656 24.1582499186198 24.266747639974 24.0774523925782 23.7888928222656 23.5003332519531 23.2117736816406 23.4993631998698 23.786952718099 24.0745422363281 24.1271663411459 23.4748942057292 22.8226220703125 22.1703499348959 22.2484993489584 23.0570703125 23.8656412760417 24.6742122395834 24.69 24.4415266927084 24.1930533854167 23.944580078125 24.0334993489584 24.1224186197917 24.211337890625 23.9064465332031 22.4201232910156 20.9338000488281 19.4474768066406 18.9667077636719 19.4914929199219 20.0162780761719 20.5410632324219 20.6010290527344 20.5060550944011 20.4110811360677 20.3161071777344 18.5173132324219 16.7185192871094 14.9197253417969 13.9317313639323 15.3761372884115 16.8205432128906 18.2649491373698 18.3584891764323 17.1011633300781 15.843837483724 14.5865116373698 -9999 -9999
23.3282824707031 23.281015218099 23.2337479654948 23.1864807128906 23.4131587727865 23.6398368326823 23.8665148925781 24.0495170084636 24.1014912923177 24.1534655761719 24.2054398600261 24.3058190917969 24.4546032714844 24.6033874511719 24.7521716308594 24.5782067871094 24.2966589355469 24.0151110839844 23.7335632324219 23.9850476074219 24.2365319824219 24.4880163574219 24.5631274414063 24.1091186523438 23.6551098632813 23.2011010742188 23.3367757161459 24.0621337890625 24.7874918619792 25.5128499348959 25.5727880859375 25.4109195963542 25.2490511067709 25.0871826171875 24.8198291015625 24.5524755859375 24.2851220703125 23.8058516438802 22.6908304850261 21.5758093261719 20.4607881673177 19.8836315917969 19.8443395996094 19.8050476074219 19.7657556152344 19.5923742675781 19.374296468099 19.1562186686198 18.9381408691406 17.4818957519531 16.0256506347656 14.5694055175781 13.8249841308594 15.2160339355469 16.6070837402344 17.9981335449219 18.6936584472656 18.6936584472656 -9999 -9999 -9999 -9999
23.5948449707031 23.5316564941406 23.4684680175782 23.4052795410156 23.7153918457031 24.0255041503906 24.3356164550781 24.5630936686198 24.542665608724 24.5222375488281 24.5018094889323 24.5502779134115 24.6676428222656 24.7850077311198 24.902372639974 24.9011853027344 24.8604805501302 24.8197757975261 24.7790710449219 24.8224239095052 24.8657767740886 24.9091296386719 24.9700016276042 25.0834309895834 25.1968603515625 25.3102897135417 25.4695027669271 25.6744995117188 25.8794962565104 26.0844930013021 25.9748706054688 25.7603751627604 25.5458797200521 25.3313842773438 24.7853133138021 24.2392423502604 23.6931713867188 23.1415417480469 22.5732360839844 22.0049304199219 21.4366247558594 20.6923783365886 19.7721911621094 18.8520039876302 17.9318168131511 17.4917224121094 17.2116589355469 16.9315954589844 16.6515319824219 16.3930830891927 16.1346341959636 15.8761853027344 15.8831026204427 16.6861185709636 17.4891345214844 18.2921504720052 -9999 -9999 -9999 -9999 -9999 -9999
23.8614074707031 23.7822977701823 23.7031880696615 23.6240783691406 24.0176249186198 24.411171468099 24.8047180175781 25.0766703287761 24.9838399251302 24.8910095214844 24.7981791178386 24.7947367350261 24.8806823730469 24.9666280110677 25.0525736490886 25.2241638183594 25.4243021647136 25.6244405110677 25.8245788574219 25.6598002115886 25.4950215657552 25.3302429199219 25.3768758138021 26.0577433268229 26.7386108398438 27.4194783528646 27.6022298177084 27.286865234375 26.9715006510417 26.6561360677084 26.376953125 26.1098307291667 25.8427083333334 25.5755859375 24.7507975260417 23.9260091145834 23.101220703125 22.4772318522136 22.4556416829427 22.4340515136719 22.4124613444011 21.5011250813802 19.7000427246094 17.8989603678386 16.0978780110677 15.3910705566406 15.0490214029948 14.706972249349 14.3649230957031 15.3042704264323 16.2436177571615 17.1829650878907 17.8874755859375 17.8874755859375 -9999 -9999 -9999 -9999 -9999 -9999 -9999 -9999
24.2667883300781 24.2275028483073 24.1882173665365 24.1489318847656 24.4379178873698 24.726903889974 25.0158898925781 25.2272473144531 25.2057189941406 25.1841906738281 25.1626623535156 25.2440848795573 25.4284582519531 25.612831624349 25.7972049967448 25.9724548339844 26.1446634928386 26.3168721516927 26.4890808105469 26.1760957845052 25.8631107584636 25.5501257324219 25.4151774088542 25.8143391927084 26.2135009765625 26.6126627604167 26.8216153971354 26.8403588867188 26.8591023763021 26.8778458658854 26.621142578125 26.2726236979167 25.9241048177084 25.5755859375 24.8421484375 24.1087109375 23.3752734375 22.7329610188802 22.3640238444011 21.9950866699219 21.6261494954427 20.6296895345052 19.0057067871094 17.3817240397136 15.7577412923177 15.1543811035156 14.8912284342448 14.628075764974 14.3649230957031 15.3042704264323 16.2436177571615 17.1829650878906 17.8874755859375 17.8874755859375 -9999 -9999 -9999 -9999 -9999 -9999 -9999 -9999
24.6721691894531 24.6727079264323 24.6732466634115 24.6737854003906 24.8582108561198 25.042636311849 25.2270617675781 25.3778243001302 25.4275980631511 25.4773718261719 25.5271455891927 25.6934330240886 25.9762341308594 26.2590352376302 26.5418363444011 26.7207458496094 26.8650248209636 27.0093037923177 27.1535827636719 26.6923913574219 26.2311999511719 25.7700085449219 25.4534790039063 25.5709350585938 25.6883911132813 25.8058471679688 26.0410009765625 26.3938525390625 26.7467041015625 27.0995556640625 26.86533203125 26.4354166666667 26.0055013020834 25.5755859375 24.9334993489584 24.2914127604167 23.649326171875 22.9886901855469 22.2724060058594 21.5561218261719 20.8398376464844 19.7582539876302 18.3113708496094 16.8644877115886 15.4176045735677 14.9176916503906 14.7334354654948 14.549179280599 14.3649230957031 15.3042704264323 16.2436177571615 17.1829650878906 -9999 -9999 -9999 -9999 -9999 -9999 -9999 -9999 -9999 -9999
25.1133190917969 25.1332832845052 25.1532474772136 25.1732116699219 25.4191670735677 25.6651224772136 25.9110778808594 26.1113541666667 26.1745930989584 26.23783203125 26.3010709635417 26.4260791015625 26.6128564453125 26.7996337890625 26.9864111328125 27.1134497070313 27.2205753580729 27.3277010091146 27.4348266601563 26.9750984700521 26.5153702799479 26.0556420898438 25.7242529296875 25.777880859375 25.8315087890625 25.88513671875 26.1024088541667 26.4833251953125 26.8642415364584 27.2451578776042 27.3403869628906 27.3403869628906 -9999 22.4177490234375 22.56515625 22.7125634765625 22.859970703125 22.7726045735677 21.9809183756511 21.1892321777344 20.3975459798177 19.3225362141927 17.9642028808594 16.6058695475261 15.2475362141927 14.9079528808594 14.9079528808594 -9999 -9999 -9999 -9999 -9999 -9999 -9999 -9999 -9999 -9999 -9999 -9999 -9999 21.8761169433594 22.1424865722656
25.5902380371094 25.6092289225261 25.6282198079427 25.6472106933594 26.1207865397136 26.5943623860677 27.0679382324219 27.4278369140625 27.4467041015625 27.4655712890625 27.4844384765625 27.4420231119792 27.3383251953125 27.2346272786459 27.1309293619792 27.15056640625 27.2113151041667 27.2720638020834 27.3328125 27.0242171223959 26.7156217447917 26.4070263671875 26.2274991861979 26.4351765950521 26.6428540039063 26.8505314127604 27.0058390299479 27.1087768554688 27.2117146809896 27.3146525065104 -9999 -9999 -9999 22.4177490234375 22.36861328125 22.3194775390625 22.270341796875 22.0847041829427 21.4895609537761 20.8944177246094 20.2992744954427 19.3225362141927 17.9642028808594 16.6058695475261 15.2475362141927 -9999 -9999 -9999 -9999 -9999 -9999 -9999 -9999 -9999 -9999 -9999 -9999 -9999 -9999 -9999 21.6097473144532 21.5209574381511
26.0671569824219 26.0851745605469 26.1031921386719 26.1212097167969 26.8224060058594 27.5236022949219 28.2247985839844 28.7443196614584 28.7188151041667 28.693310546875 28.6678059895834 28.4579671223959 28.0637939453125 27.6696207682292 27.2754475911459 27.1876831054688 27.2020548502604 27.2164265950521 27.2307983398438 27.0733357747396 26.9158732096354 26.7584106445313 26.7307454427084 27.0924723307292 27.45419921875 27.8159261067709 28.1781656901042 28.54091796875 28.9036702473959 29.2664225260417 -9999 -9999 -9999 -9999 -9999 21.4964538574219 21.4964538574219 21.4964538574219 21.4964538574219 -9999 -9999 -9999 -9999 -9999 -9999 -9999 -9999 -9999 -9999 -9999 -9999 -9999 -9999 -9999 -9999 -9999 -9999 -9999 -9999 -9999 -9999 -9999
27.6370520019531 27.4584029134115 27.2797538248698 27.1011047363281 27.6596838378906 28.2182629394531 28.7768420410156 29.1868310546875 29.1510498046875 29.1152685546875 29.0794873046875 28.8606494140625 28.4587548828125 28.0568603515625 27.6549658203125 27.5519897460938 27.5486531575521 27.5453165690104 27.5419799804688 27.3593904622396 27.1768009440104 26.9942114257813 27.0057877604167 27.5998616536459 28.193935546875 28.7880094401042 29.1213216145834 29.1938720703125 29.2664225260417 29.3389729817709 -9999 -9999 -9999 -9999 -9999 21.4964538574219 21.4964538574219 21.4964538574219 21.4964538574219 -9999 -9999 -9999 -9999 -9999 -9999 -9999 -9999 -9999 -9999 -9999 -9999 -9999 -9999 -9999 -9999 -9999 -9999 -9999 -9999 -9999 -9999 -9999
29.2069470214844 28.8316312662761 28.4563155110677 28.0809997558594 28.4969616699219 28.9129235839844 29.3288854980469 29.6293424479167 29.5832845052084 29.5372265625 29.4911686197917 29.2633317057292 28.8537158203125 28.4440999348959 28.0344840494792 27.9162963867188 27.8952514648438 27.8742065429688 27.8531616210938 27.6454451497396 27.4377286783854 27.2300122070313 27.280830078125 28.1072509765625 28.933671875 29.7600927734375 30.0644775390625 29.846826171875 29.6291748046875 29.4115234375 -9999 -9999 -9999 -9999 -9999 -9999 -9999 -9999 -9999 -9999 -9999 -9999 -9999 -9999 -9999 -9999 -9999 -9999 -9999 -9999 24.2518249511719 24.2518249511719 24.2518249511719 24.2518249511719 -9999 -9999 -9999 -9999 -9999 -9999 -9999 -9999
30.0739709472657 29.7326005045573 29.391230061849 29.0498596191407 29.3641613769532 29.6784631347657 29.9927648925782 30.2040535481771 30.1063028971354 30.0085522460938 29.9108015950521 29.7349202473959 29.480908203125 29.2268961588542 28.9728841145834 28.8138513183594 28.6864782714844 28.5591052246094 28.4317321777344 28.2070056152344 27.9822790527344 27.7575524902344 27.8049727376302 28.6688334147136 29.5326940917969 30.3965547688802 30.8506958007813 30.8951171875 30.9395385742188 30.9839599609375 -9999 -9999 -9999 -9999 -9999 -9999 -9999 -9999 -9999 -9999 -9999 -9999 -9999 -9999 -9999 -9999 -9999 -9999 25.4773040771485 25.2812274169922 25.085150756836 24.8890740966797 24.7910357666016 24.9871124267578 25.1831890869141 25.3792657470703 -9999 -9999 -9999 -9999 -9999 -9999
30.2381237792969 30.1613106282552 30.0844974772136 30.0076843261719 30.2612829589844 30.5148815917969 30.7684802246094 30.9109643554688 30.7201049804688 30.5292456054688 30.3383862304688 30.2754150390625 30.34033203125 30.4052490234375 30.470166015625 30.2446545410156 29.922333577474 29.6000126139323 29.2776916503906 29.044071858724 28.8104520670573 28.5768322753907 28.5782157389323 29.284608968099 29.9910021972656 30.6973954264323 31.0431884765625 31.0283813476563 31.01357421875 30.9987670898438 -9999 -9999 -9999 -9999 -9999 -9999 -9999 -9999 -9999 -9999 -9999 -9999 -9999 -9999 -9999 -9999 -9999 -9999 25.4773040771485 25.5426629638672 25.608021850586 25.6733807373047 25.7060601806641 25.6407012939453 25.5753424072266 25.5099835205078 -9999 -9999 -9999 -9999 -9999 -9999
30.4022766113281 30.5900207519531 30.7777648925781 30.9655090332031 31.1584045410156 31.3513000488281 31.5441955566406 31.6178751627604 31.3339070638021 31.0499389648438 30.7659708658854 30.8159098307292 31.199755859375 31.5836018880209 31.9674479166667 31.6754577636719 31.1581888834636 30.6409200032552 30.1236511230469 29.8811381022136 29.6386250813802 29.3961120605469 29.3514587402344 29.9003845214844 30.4493103027344 30.9982360839844 31.0691996256511 30.6622009277344 30.2552022298177 29.8482035319011 -9999 -9999 -9999 -9999 -9999 -9999 -9999 -9999 -9999 -9999 -9999 -9999 -9999 -9999 -9999 -9999 -9999 -9999 25.7103515625 25.975 26.2396484375 26.504296875 26.702783203125 26.702783203125 -9999 -9999 -9999 -9999 -9999 -9999 -9999 -9999
31.0262561035156 30.9626232910156 30.8989904785156 30.8353576660156 31.2278495279948 31.620341389974 32.0128332519531 32.1755102539063 31.6487426757813 31.1219750976563 30.5952075195313 30.3930192057292 30.51541015625 30.6378011067709 30.7601920572917 30.7736535644531 30.7508052571615 30.7279569498698 30.7051086425781 30.5001281738281 30.2951477050781 30.0901672363281 29.9441166178386 29.9748555501302 30.0055944824219 30.0363334147136 30.0110030110677 29.9296032714844 29.8482035319011 29.7668037923177 -9999 -9999 -9999 -9999 -9999 -9999 -9999 -9999 -9999 -9999 -9999 -9999 -9999 -9999 -9999 -9999 -9999 -9999 25.7103515625 25.975 26.2396484375 26.504296875 26.702783203125 26.702783203125 -9999 -9999 -9999 -9999 -9999 -9999 -9999 -9999
31.6502355957031 31.3352258300781 31.0202160644531 30.7052062988281 31.297294514974 31.8893827311198 32.4814709472656 32.7331453450521 31.9635782877604 31.1940112304688 30.4244441731771 29.9701285807292 29.831064453125 29.6920003255209 29.5529361979167 29.8718493652344 30.3434216308594 30.8149938964844 31.2865661621094 31.1191182454427 30.9516703287761 30.7842224121094 30.5367744954427 30.0493265787761 29.5618786621094 29.0744307454427 28.9528063964844 29.1970056152344 29.4412048339844 29.6854040527344 -9999 -9999 -9999 -9999 -9999 -9999 -9999 -9999 -9999 -9999 -9999 -9999 -9999 -9999 -9999 -9999 -9999 25.7103515625 25.7103515625 25.975 26.2396484375 26.504296875 -9999 -9999 -9999 -9999 -9999 -9999 -9999 -9999 -9999 -9999
32.1421740722656 31.6296317545573 31.117089436849 30.6045471191406 31.0967232259115 31.5888993326823 32.0810754394531 32.2906351725261 31.6523457845052 31.0140563964844 30.3757670084636 29.8999873860677 29.5867175292969 29.2734476725261 28.9601778157552 29.420947265625 30.1397298177084 30.8585123697917 31.577294921875 31.42861328125 31.279931640625 31.13125 30.8331034342448 30.086562093099 29.3400207519531 28.5934794108073 28.2202087402344 28.2202087402344 -9999 -9999 -9999 -9999 -9999 -9999 -9999 -9999 -9999 -9999 -9999 -9999 -9999 -9999 -9999 -9999 -9999 -9999 -9999 25.7103515625 25.7103515625 25.7103515625 -9999 -9999 -9999 -9999 -9999 -9999 -9999 -9999 -9999 -9999 29.2199755859375 29.0785107421875
32.5020715332031 31.8458410644532 31.1896105957031 30.5333801269531 30.6261356608073 30.7188911946615 30.8116467285156 30.8479797363281 30.7150451660157 30.5821105957031 30.4491760253906 30.1825956217448 29.7823693847656 29.3821431477865 28.9819169108073 29.420947265625 30.1397298177084 30.8585123697917 31.577294921875 31.42861328125 31.279931640625 31.13125 30.8331034342448 30.086562093099 29.3400207519532 28.5934794108073 -9999 -9999 -9999 -9999 -9999 -9999 -9999 -9999 -9999 -9999 -9999 -9999 -9999 -9999 -9999 -9999 -9999 -9999 -9999 -9999 -9999 -9999 -9999 -9999 -9999 -9999 -9999 -9999 -9999 -9999 -9999 -9999 29.32607421875 29.32607421875 29.42904296875 29.5663346354167
32.8619689941407 32.062050374349 31.2621317545573 30.4622131347656 30.1555480957031 29.8488830566406 29.5422180175781 29.4053243001302 29.7777445475261 30.1501647949219 30.5225850423177 30.7087951660156 30.7087951660156 -9999 -9999 -9999 -9999 -9999 -9999 -9999 -9999 -9999 -9999 -9999 -9999 -9999 -9999 -9999 -9999 -9999 -9999 -9999 -9999 -9999 -9999 -9999 -9999 -9999 -9999 -9999 -9999 -9999 -9999 -9999 -9999 -9999 -9999 -9999 -9999 -9999 -9999 -9999 -9999 -9999 -9999 -9999 29.353554280599 29.3450988769531 29.3366434733073 29.3281880696615 29.6381103515625 30.0541585286459
31.7550817871094 31.7253584798177 31.6956351725261 31.6659118652344 31.4097025553386 31.1534932454427 30.8972839355469 30.7053715006511 30.7063496907552 30.7073278808594 30.7083060709636 30.7087951660156 30.7087951660156 -9999 -9999 -9999 -9999 -9999 -9999 -9999 -9999 -9999 -9999 -9999 -9999 -9999 -9999 -9999 -9999 -9999 -9999 -9999 -9999 -9999 -9999 -9999 -9999 -9999 -9999 -9999 -9999 -9999 -9999 -9999 -9999 -9999 -9999 -9999 -9999 -9999 -9999 -9999 -9999 -9999 -9999 -9999 29.353554280599 29.3450988769531 29.3366434733073 29.3281880696615 29.932568359375 30.7412272135417
30.6481945800781 31.3886665852865 32.1291385904948 32.8696105957032 32.663857014974 32.4581034342448 32.2523498535156 32.0054187011719 31.6349548339844 31.2644909667969 30.8940270996094 -9999 -9999 -9999 -9999 -9999 -9999 -9999 -9999 -9999 -9999 -9999 -9999 -9999 -9999 -9999 -9999 -9999 -9999 -9999 -9999 -9999 -9999 -9999 -9999 -9999 -9999 -9999 -9999 -9999 -9999 -9999 -9999 -9999 -9999 -9999 -9999 -9999 -9999 -9999 -9999 -9999 -9999 -9999 29.3577819824219 29.3577819824219 29.353554280599 29.3450988769531 29.3366434733073 29.3281880696615 30.2270263671875 31.4282958984375
30.9418811035156 31.820468343099 32.6990555826823 33.5776428222656 33.3688016764323 33.159960530599 32.9511193847656 32.7944885253906 32.7944885253906 -9999 -9999 -9999 -9999 -9999 -9999 -9999 -9999 -9999 -9999 -9999 -9999 -9999 -9999 -9999 -9999 -9999 -9999 -9999 -9999 -9999 -9999 -9999 -9999 -9999 -9999 -9999 -9999 -9999 -9999 -9999 -9999 -9999 -9999 -9999 -9999 -9999 -9999 -9999 -9999 -9999 -9999 -9999 29.7976599121094 29.7243469238281 29.6510339355469 29.5777209472656 29.7029833984375 30.0268212890625 30.3506591796875 30.6744970703125 31.2877221679688 31.9974096679688
32.6361413574219 33.0207637532552 33.4053861490886 33.7900085449219 33.5245365397136 33.2590645345052 32.9935925292969 -9999 -9999 -9999 -9999 -9999 -9999 -9999 -9999 -9999 -9999 -9999 -9999 -9999 -9999 -9999 -9999 -9999 -9999 -9999 -9999 -9999 -9999 -9999 -9999 -9999 -9999 -9999 -9999 -9999 -9999 -9999 -9999 -9999 -9999 -9999 -9999 -9999 -9999 -9999 -9999 -9999 -9999 -9999 -9999 -9999 29.8220975748698 29.8465352376302 29.8709729003907 29.8954105631511 30.0206730143229 30.2467602539063 30.4728474934896 30.6989347330729 30.8276440429688 30.9238940429688
34.3304016113281 34.2210591634115 34.1117167154948 34.0023742675781 34.0023742675781 -9999 -9999 -9999 -9999 -9999 -9999 -9999 -9999 -9999 -9999 -9999 -9999 -9999 -9999 -9999 -9999 -9999 -9999 -9999 -9999 -9999 -9999 -9999 -9999 -9999 -9999 -9999 -9999 -9999 -9999 -9999 -9999 -9999 -9999 -9999 -9999 -9999 -9999 -9999 -9999 -9999 -9999 -9999 30.1670166015625 28.3923909505209 26.6177652994792 24.8431396484375 23.9629720052084 25.7661783854167 27.569384765625 29.3725911458334 30.3383626302084 30.46669921875 30.5950358072917 30.7233723958334 30.3675659179688 29.8503784179688
34.3126379394531 34.2092167154948 34.1057954915365 34.0023742675781 34.0023742675781 -9999 -9999 -9999 -9999 -9999 -9999 -9999 -9999 -9999 -9999 -9999 -9999 -9999 -9999 -9999 -9999 -9999 -9999 -9999 -9999 -9999 -9999 -9999 -9999 -9999 -9999 -9999 -9999 -9999 -9999 -9999 -9999 -9999 -9999 -9999 -9999 -9999 -9999 -9999 -9999 -9999 -9999 -9999 30.1670166015625 28.3923909505209 26.6177652994792 24.8431396484375 24.1660367838542 26.7815022786459 29.3969677734375 32.0124332682292 32.9604378255209 32.2409814453125 31.5215250651042 30.8020686848959 30.6640747070313 30.7199015299479
34.2948742675781 34.1973742675781 34.0998742675781 -9999 -9999 -9999 -9999 -9999 -9999 -9999 -9999 -9999 -9999 -9999 -9999 -9999 -9999 -9999 -9999 -9999 -9999 -9999 -9999 -9999 -9999 -9999 -9999 -9999 -9999 -9999 -9999 -9999 -9999 -9999 -9999 -9999 -9999 -9999 -9999 -9999 -9999 -9999 -9999 -9999 -9999 -9999 -9999 30.1670166015625 30.1670166015625 28.3923909505209 26.6177652994792 24.8431396484375 24.3691015625 27.796826171875 31.22455078125 34.652275390625 35.5825130208334 34.015263671875 32.4480143229167 30.8807649739584 30.9605834960938 31.5894246419271
34.3568969726563 34.3568969726563 -9999 -9999 -9999 -9999 -9999 -9999 -9999 -9999 -9999 -9999 -9999 -9999 -9999 -9999 -9999 -9999 -9999 -9999 -9999 -9999 -9999 -9999 -9999 -9999 -9999 -9999 -9999 -9999 -9999 -9999 -9999 -9999 -9999 -9999 -9999 -9999 -9999 -9999 -9999 -9999 -9999 -9999 -9999 31.3613061523438 31.1441625976563 30.9270190429688 30.7098754882813 29.3263435872396 27.9428116861979 26.5592797851563 26.2600358072917 29.2136555989584 32.167275390625 35.1208951822917 35.7743212890625 34.1275537109375 32.4807861328125 30.8340185546875 31.108837890625 32.0241861979167
