data/climate/maas/max_precip.asc
NCOLS 360 
NROWS 180 
XLLCORNER -180 
YLLCORNER -90 
CELLSIZE 1 
NODATA_value -9999 
[rows 28 to 55 of 180, columns 62 to 123 of 360]
-9999 -9999 -9999 -9999 -9999 -9999 -9999 -9999 -9999 -9999 -9999 -9999 -9999 6.38537995750085 6.33149546803907 6.27761097857729 6.22372648911551 5.8001654567197 5.25337891001254 4.70659236330539 4.15980581659824 3.98994144424796 3.82007707189769 3.65021269954741 3.46215113368817 3.21949798730202 2.97684484091587 2.73419169452973 2.58609568630345 2.53255681623705 2.47901794617064 2.42547907610424 2.31423748517409 2.18376165395603 2.05328582273796 1.9228099915199 1.89066046429798 1.85851093707606 1.82636140985414 1.8331164882984 1.95658538374119 2.08005427918397 2.20352317462675 2.29963205452077 2.36838091886602 2.43712978321128 2.50587864755653 2.60001491568983 2.70261365175247 2.80521238781512 2.90781112387776 3.0551059897989 3.20240085572004 3.34969572164118 3.47398792114109 3.52927212137729 3.58455632161349 3.63984052184969 3.55406853603199 3.32724036416039 3.10041219228879 2.87358402041718
-9999 -9999 -9999 -9999 -9999 -9999 -9999 -9999 -9999 -9999 -9999 -9999 -9999 6.4931489364244 6.65480240480974 6.81645587319508 6.97810934158042 6.38433413486928 5.53874936979264 4.693164604716 3.84757983963937 4.07102274522185 4.29446565080434 4.51790855638683 4.55352404876612 4.02565730153583 3.49779055430554 2.96992380707525 2.65405183634721 2.55017464212142 2.44629744789563 2.34242025366984 2.22968856990337 2.11400538962334 1.99832220934331 1.88263902906328 1.79552217107266 1.70840531308204 1.62128845509142 1.61137235560454 1.83305853162892 2.0547447076533 2.27643088367768 2.40120152221061 2.42905662325211 2.4569117242936 2.4847668253351 2.57989392243326 2.69744501821697 2.81499611400068 2.93254720978439 3.01701344177127 3.10147967375815 3.18594590574503 3.28060625027865 3.4058489324525 3.53109161462635 3.6563342968002 3.63056098809466 3.45377168850973 3.27698238892481 3.10019308933988
-9999 -9999 -9999 -9999 -9999 -9999 -9999 -9999 -9999 -9999 -9999 -9999 -9999 8.00574584165588 7.90433897869661 7.80293211573735 7.70152525277808 7.03739086724818 6.18568064086139 5.33397041447461 4.48226018808782 4.57451808638871 4.66677598468959 4.75903388299048 4.71125699719414 4.24337575910613 3.77549452101812 3.30761328293011 2.95824698824435 2.72739563696086 2.49654428567737 2.26569293439388 2.12481620698236 2.01393102086149 1.90304583474062 1.79216064861976 1.70362438238226 1.61508811614476 1.52655184990726 1.51596504100598 1.73922660411336 1.96248816722073 2.1857497303281 2.32747689611278 2.38766966457479 2.44786243303679 2.50805520149879 2.59155908622779 2.68283334304579 2.77410759986378 2.86538185668178 2.97311258898117 3.08084332128055 3.18857405357994 3.30309605319053 3.43799185473472 3.57288765627891 3.7077834578231 3.70028374996036 3.5503885326907 3.40049331542104 3.25059809815139
-9999 -9999 -9999 -9999 -9999 -9999 -9999 -9999 -9999 -9999 -9999 -9999 -9999 8.07335041696206 8.10715270461515 8.14095499226823 8.17475727992132 7.7593356538564 7.1941727232188 6.6290097925812 6.0638468619436 5.50042746774852 4.93700807355344 4.37358867935836 3.93534997897223 3.87265336001292 3.80995674105361 3.7472601220943 3.49868114199489 3.06421980075538 2.62975845951587 2.19529711827636 1.99962039641105 1.88353854767047 1.76745669892989 1.65137485018931 1.61496709822677 1.57855934626423 1.54215159430169 1.54689454450272 1.67508960119449 1.80328465788625 1.93147971457802 2.07845817622729 2.24422004283406 2.40998190944083 2.5757437760476 2.63501040707342 2.65877862623893 2.68254684540443 2.70631506456994 2.9234034314286 3.14049179828726 3.35758016514592 3.54145732987672 3.62570088822395 3.70994444657117 3.7941880049184 3.76323682162911 3.6170908967033 3.4709449717775 3.32479904685169
-9999 -9999 -9999 -9999 -9999 -9999 -9999 -9999 -9999 -9999 -9999 -9999 -9999 -9999 -9999 8.69024216663092 8.69024216663092 8.48128044046462 8.20266480557621 7.92404917068779 7.64543353579938 6.42633684910834 5.20724016241729 3.98814347572625 3.15944296075031 3.50193096091971 3.8444189610891 4.1869069612585 4.03911529574543 3.4010439645499 2.76297263335437 2.12490130215883 1.87442458583973 1.75314607447945 1.63186756311916 1.51058905175887 1.52630981407128 1.5420305763837 1.55775133869611 1.57782404799946 1.61095259827562 1.64408114855178 1.67720969882794 1.82943945634179 2.10077042109333 2.37210138584487 2.64343235059641 2.67846172791906 2.63472390943207 2.59098609094508 2.54724827245809 2.87369427387603 3.20014027529396 3.5265862767119 3.77981860656291 3.81340992171317 3.84700123686343 3.8805925520137 3.82618989329785 3.6837932607159 3.54139662813395 3.398999995552
-9999 -9999 -9999 -9999 -9999 -9999 -9999 -9999 -9999 -9999 -9999 -9999 -9999 -9999 -9999 8.69024216663092 8.69024216663092 8.54422497935593 8.34953539632261 8.15484581328928 7.96015623025596 6.60467724502087 5.24919825978577 3.89371927455068 2.98011277103797 3.39212371269241 3.80413465434685 4.2161455960013 4.11425995454192 3.49847772996873 2.88269550539553 2.26691328082234 1.98919492238201 1.82416451931931 1.65913411625661 1.49410371319391 1.49286294006743 1.49162216694094 1.49038139381446 1.50328700174578 1.55863175285049 1.6139765039552 1.66932125505991 1.80881220451556 2.03244935232215 2.25608650012873 2.47972364793532 2.52059891237877 2.50055354903452 2.48050818569027 2.46046282234602 2.7958174624946 3.13117210264318 3.46652674279176 3.72355726920068 3.74561545439065 3.76767363958061 3.78973182477057 3.72009426914155 3.55876097269356 3.39742767624557 3.23609437979758
-9999 -9999 -9999 -9999 -9999 -9999 -9999 -9999 -9999 -9999 -9999 -9999 -9999 -9999 -9999 -9999 -9999 8.60716951824725 8.49640598706901 8.38564245589077 8.27487892471254 6.78301764093339 5.29115635715425 3.79929507337511 2.80078258132562 3.28231646446511 3.7638503476046 4.24538423074409 4.18940461333841 3.59591149538755 3.0024183774367 2.40892525948584 2.10396525892429 1.89518296415918 1.68640066939406 1.47761837462895 1.45941606606357 1.44121375749819 1.42301144893281 1.42874995549209 1.50631090742536 1.58387185935862 1.66143281129189 1.78818495268933 1.96412828355096 2.14007161441259 2.31601494527422 2.36273609683849 2.36638318863697 2.37003028043546 2.37367737223394 2.71794065111317 3.06220392999239 3.40646720887162 3.66729593183845 3.67782098706812 3.68834604229778 3.69887109752744 3.61399864498526 3.43372868467122 3.25345872435719 3.07318876404315
-9999 -9999 -9999 -9999 -9999 -9999 -9999 -9999 -9999 -9999 -9999 -9999 -9999 -9999 -9999 -9999 -9999 8.38871045876294 8.39662497024983 8.40453948173672 8.41245399322361 7.05243169795722 5.69240940269083 4.33238710742444 3.41496423538774 3.82533963304013 4.23571503069252 4.64609042834491 4.53381013311446 3.89887414500117 3.26393815688789 2.6290021687746 2.27921567880549 2.02447902155109 1.76974236429669 1.51500570704229 1.49105023615994 1.46709476527758 1.44313929439522 1.44232723466121 1.51094540837221 1.57956358208321 1.64818175579421 1.74740533833392 1.87723432970233 2.00706332107075 2.13689231243916 2.19833172555082 2.23697461257689 2.27561749960296 2.31426038662903 2.6400270012673 2.96579361590557 3.29156023054384 3.53106102487072 3.51176435826346 3.4924676916562 3.47317102504894 3.40071613574401 3.27510302374139 3.14948991173878 3.02387679973617
-9999 -9999 -9999 -9999 -9999 -9999 -9999 -9999 -9999 -9999 -9999 -9999 -9999 -9999 -9999 -9999 -9999 8.38079594727606 8.37815777678043 8.3755196062848 8.37288143578917 7.41291941609234 6.4529573963955 5.49299537669867 4.82265773322433 5.02119321841747 5.2197287036106 5.41826418880373 5.14747651387006 4.40736567880958 3.66725484374911 2.92714400868863 2.5149461820256 2.21205269149505 1.9091592009645 1.60626571043395 1.58776545035653 1.56926519027911 1.55076493020169 1.54401883925311 1.57253525569104 1.60105167212896 1.62956808856688 1.68647336144932 1.77176749077626 1.8570616201032 1.94235574943013 2.02738579851575 2.11232782085426 2.19726984319277 2.28221186553128 2.56207651295699 2.8419411603827 3.12180580780841 3.31485254829749 3.24744556797668 3.18003858765587 3.11263160733506 3.0802467414178 3.08288398990408 3.08552123839036 3.08815848687664
-9999 -9999 -9999 -9999 -9999 -9999 -9999 -9999 -9999 -9999 -9999 -9999 -9999 -9999 -9999 -9999 -9999 9.79272386524826 9.30625220295042 8.81978054065257 8.33330887835473 7.77340713422745 7.21350539010018 6.65360364597291 6.23035123106092 6.2170468037948 6.20374237652868 6.19043794926256 5.76114289462566 4.91585721261799 4.07057153061032 3.22528584860265 2.75067668524571 2.399626361439 2.0485760376323 1.6975257138256 1.68448066455312 1.67143561528064 1.65839056600817 1.64571044384502 1.63412510300986 1.62253976217471 1.61095442133956 1.62554138456471 1.66630065185018 1.70705991913565 1.74781918642111 1.85643987148069 1.98768102913164 2.11892218678258 2.25016334443353 2.48412602464668 2.71808870485984 2.95205138507299 3.09864407172427 2.9831267776899 2.86760948365554 2.75209218962118 2.75977734709159 2.89066495606676 3.02155256504193 3.1524401740171
-9999 -9999 -9999 -9999 -9999 -9999 -9999 -9999 -9999 -9999 -9999 -9999 -9999 -9999 -9999 -9999 -9999 10.084606862627 9.9873125301674 9.89001819770783 9.79272386524826 8.96687613520771 8.14102840516716 7.31518067512661 6.64742868114263 6.45396389532834 6.26049910951406 6.06703432369977 5.65793276578188 5.03319443576038 4.40845610573888 3.78371777571738 3.24368883459829 2.73189635644667 2.22010387829505 1.70831140014343 1.67919988534413 1.65008837054484 1.62097685574554 1.60270001948811 1.61692721885629 1.63115441822447 1.64538161759265 1.6705973285716 1.70680155116133 1.74300577375107 1.7792099963408 1.85383165790699 1.94125913246535 2.0286866070237 2.11611408158205 2.35213555837981 2.58815703517757 2.82417851197533 2.98840693244711 2.93725618394092 2.88610543543473 2.83495468692854 2.78570598503575 2.73835932975635 2.69101267447695 2.64366601919755
-9999 -9999 -9999 -9999 -9999 -9999 -9999 -9999 -9999 -9999 -9999 -9999 -9999 -9999 -9999 -9999 -9999 10.3764898600057 10.6683728573844 10.9602558547631 11.2521388521418 10.160345136188 9.06855142023414 7.97675770428032 7.06450613122433 6.69088098686188 6.31725584249943 5.94363069813699 5.5547226369381 5.15053165890276 4.74634068086743 4.3421497028321 3.73670098395087 3.06416635145433 2.3916317189578 1.71909708646126 1.67391910613514 1.62874112580903 1.58356314548291 1.5596895951312 1.59972933470272 1.63976907427423 1.67980881384574 1.71565327257849 1.74730245047249 1.77895162836649 1.81060080626048 1.8512234443333 1.89483723579906 1.93845102726482 1.98206481873058 2.22014509211294 2.45822536549531 2.69630563887767 2.87816979316995 2.89138559019193 2.90460138721392 2.9178171842359 2.81163462297991 2.58605370344594 2.36047278391197 2.13489186437801
-9999 -9999 -9999 -9999 -9999 -9999 -9999 -9999 -9999 -9999 -9999 -9999 -9999 -9999 -9999 -9999 -9999 -9999 -9999 11.9818463455886 11.9818463455886 11.0097435917705 10.0376408379525 9.06553808413446 8.15786235127598 7.44346768129617 6.72907301131636 6.01467834133655 5.48077214788646 5.12735443096608 4.7739367140457 4.42051899712533 3.84286040486768 3.19045485416427 2.53804930346087 1.88564375275746 1.80191998975351 1.71819622674957 1.63447246374562 1.58734052139334 1.64998404099606 1.71262756059878 1.77527108020149 1.81474079168402 1.83103669504635 1.84733259840868 1.86362850177102 1.89480039314367 1.93093094718643 1.96706150122918 2.00319205527194 2.19665025291033 2.39010845054872 2.58356664818712 2.74313700199127 2.80104382429272 2.85895064659417 2.91685746889561 2.82679952261969 2.58877680776641 2.35075409291312 2.11273137805983
-9999 -9999 -9999 -9999 -9999 -9999 -9999 -9999 -9999 -9999 -9999 -9999 -9999 -9999 -9999 -9999 -9999 -9999 -9999 -9999 11.9818463455886 11.5150715019554 11.0482966583222 10.581521814689 9.92749734129757 8.7117239786312 7.49595061596483 6.28017725329846 5.43608129862696 4.96366275195032 4.49124420527369 4.01882565859705 3.56216709734872 3.11076186457649 2.65935663180426 2.20795139903203 2.06320253619924 1.91845367336646 1.77370481053367 1.68565279827453 1.76769133773632 1.84972987719811 1.93176841665991 1.96785988588817 1.95800428488292 1.94814868387766 1.93829308287241 1.9845625043381 2.04954026662745 2.11451802891679 2.17949579120614 2.28165104077198 2.38380629033782 2.48596153990366 2.58330855891109 2.66623088624328 2.74915321357548 2.83207554090768 2.8312006839551 2.74652864271775 2.66185660148039 2.57718456024304
-9999 -9999 -9999 -9999 -9999 -9999 -9999 -9999 -9999 -9999 -9999 -9999 -9999 -9999 -9999 -9999 -9999 -9999 -9999 -9999 11.8325820425525 11.9109389232472 11.9892958039418 12.0676526846364 11.6971323313192 9.97998027596623 8.2628282206133 6.54567616526037 5.39139044936746 4.79997107293457 4.20855169650167 3.61713232006878 3.28147378982976 3.0310688749887 2.78066396014765 2.53025904530659 2.32448508264497 2.11871111998335 1.91293715732172 1.78396507515572 1.88539863447659 1.98683219379745 2.08826575311832 2.12097898009233 2.08497187471949 2.04896476934664 2.01295766397379 2.07432461553253 2.16814958606847 2.2619745566044 2.35579952714033 2.36665182863362 2.37750413012691 2.3883564316202 2.4234801158309 2.53141794819385 2.6393557805568 2.74729361291975 2.83560184529051 2.90428047766909 2.97295911004767 3.04163774242625
-9999 -9999 -9999 -9999 -9999 -9999 -9999 -9999 -9999 -9999 -9999 -9999 -9999 -9999 -9999 -9999 -9999 -9999 -9999 -9999 11.8325820425525 11.8482534186915 11.8639247948304 11.8795961709693 11.4755014674738 9.81210852507502 8.14871558267623 6.48532264027745 5.40421848278493 4.90540311019868 4.40658773761243 3.90777236502618 3.51471163658425 3.15690245619044 2.79909327579662 2.44128409540281 2.33972808485851 2.23817207431421 2.13661606376991 2.0804588443134 2.16049799812026 2.24053715192713 2.32057630573399 2.35175241739489 2.33406548690982 2.31637855642475 2.29869162593968 2.28524960554205 2.27322255517356 2.26119550480507 2.24916845443659 2.33152928645723 2.41389011847787 2.49625095049851 2.56881972262636 2.61201231507584 2.65520490752533 2.69839749997482 2.77631281781942 2.88895086105913 3.00158890429884 3.11422694753855
-9999 -9999 -9999 -9999 -9999 -9999 -9999 -9999 -9999 -9999 -9999 -9999 -9999 -9999 -9999 -9999 -9999 -9999 -9999 -9999 11.8325820425525 11.7855679141358 11.738553785719 11.6915396573022 11.2538706036285 9.64423677418381 8.03460294473916 6.42496911529452 5.41704651620239 5.01083514746279 4.60462377872318 4.19841240998358 3.74794948333874 3.28273603739217 2.8175225914456 2.35230914549902 2.35497108707204 2.35763302864507 2.36029497021809 2.37695261347108 2.43559736176394 2.4942421100568 2.55288685834967 2.58252585469745 2.58315909910016 2.58379234350286 2.58442558790557 2.49617459555157 2.37829552427866 2.26041645300575 2.14253738173284 2.29640674428083 2.45027610682882 2.60414546937682 2.71415932942182 2.69260668195784 2.67105403449386 2.64950138702989 2.71702379034832 2.87362124444917 3.03021869855002 3.18681615265086
-9999 -9999 -9999 -9999 -9999 -9999 -9999 -9999 -9999 -9999 -9999 -9999 -9999 -9999 -9999 -9999 -9999 -9999 -9999 -9999 -9999 -9999 11.5387437399477 11.5387437399477 11.1551677258685 9.62086366955191 8.08655961323529 6.55225555691868 5.52835325757042 5.0148527151905 4.50135217281058 3.98785163043067 3.556195726851 3.15182136953808 2.74744701222517 2.34307265491225 2.39682605979033 2.45057946466841 2.50433286954649 2.55720957973972 2.60745620587841 2.65770283201709 2.70794945815578 2.73608746519312 2.74211685312912 2.74814624106511 2.75417562900111 2.66979249939322 2.55527186393738 2.44075122848153 2.32623059302568 2.46548887342215 2.60474715381861 2.74400543421507 2.85009553469718 2.85668109543622 2.86326665617526 2.8698522169143 2.91423420980573 2.99641263484955 3.07859105989337 3.16076948493719
-9999 -9999 -9999 -9999 -9999 -9999 -9999 -9999 -9999 -9999 -9999 -9999 -9999 -9999 -9999 -9999 -9999 -9999 -9999 -9999 -9999 -9999 -9999 -9999 11.179392834194 9.74198921117932 8.30458558816463 6.86718196514994 5.738138706889 4.91745581338182 4.09677291987464 3.27609002636746 2.93945036712103 2.76415845262818 2.58886653813533 2.41357462364249 2.46529300301336 2.51701138238423 2.56872976175509 2.62122974311933 2.67607453046367 2.730919317808 2.78576410515234 2.81243724888191 2.8109387489967 2.8094402491115 2.8079417492263 2.80610331706703 2.80415157414973 2.80219983123243 2.80024808831513 2.83877567388117 2.87730325944722 2.91583084501326 2.97662833845243 3.10423555551097 3.23184277256951 3.35944998962805 3.36794407619163 3.25732503226027 3.1467059883289 3.03608694439754
-9999 -9999 -9999 -9999 -9999 -9999 -9999 -9999 -9999 -9999 -9999 -9999 -9999 -9999 -9999 -9999 -9999 -9999 -9999 -9999 -9999 -9999 -9999 -9999 6.38722408097237 6.42283342313021 6.45844276528805 6.4940521074459 5.94792415620759 4.82005891157314 3.69219366693869 2.56432842230424 2.32270500739105 2.37649553571828 2.4302860640455 2.48407659237273 2.53375994623639 2.58344330010004 2.6331266539637 2.68524990649894 2.74469285504892 2.80413580359891 2.8635787521489 2.88878703257069 2.87976064486429 2.87073425715789 2.86170786945149 2.94241413474083 3.05303128436208 3.16364843398333 3.27426558360457 3.2120624743402 3.14985936507583 3.08765625581145 3.10316114220768 3.35179001558572 3.60041888896376 3.8490477623418 3.82165394257754 3.51823742967099 3.21482091676444 2.91140440385789
-9999 -9999 -9999 -9999 -9999 -9999 -9999 -9999 -9999 -9999 -9999 -9999 -9999 -9999 -9999 -9999 -9999 -9999 -9999 -9999 -9999 -9999 -9999 -9999 6.38010221254081 6.38722408097237 6.39434594940394 6.40146781783551 5.83463716926053 4.69385400367901 3.55307083809748 2.41228767251596 2.30970408464782 2.55318702268414 2.79666996072046 3.04015289875679 2.91603829502128 2.79192369128577 2.66780908755027 2.60859440127388 2.74407946737483 2.87956453347579 3.01504959957674 3.0597905558534 3.01378740230575 2.96778424875811 2.92178109521046 3.00765716750175 3.13749298173934 3.26732879597694 3.39716461021453 3.41149183083326 3.42581905145198 3.44014627207071 3.47474760655314 3.57017128262669 3.66559495870024 3.76101863477379 3.83182925451547 3.87802681792527 3.92422438133508 3.97042194474488
-9999 -9999 -9999 -9999 -9999 -9999 -9999 -9999 -9999 -9999 -9999 -9999 -9999 -9999 -9999 -9999 -9999 -9999 -9999 -9999 -9999 -9999 -9999 -9999 6.37298034410924 6.35161473881453 6.33024913351983 6.30888352822512 5.72135018231347 4.56764909578487 3.41394800925627 2.26024692272767 2.29670316190459 2.72987850965001 3.16305385739543 3.59622920514084 3.29831664380617 3.0004040824715 2.70249152113684 2.53193889604881 2.74346607970074 2.95499326335266 3.16652044700459 3.2307940791361 3.14781415974721 3.06483424035832 2.98185432096943 3.07290020026267 3.22195467911661 3.37100915797055 3.52006363682449 3.61092118732631 3.70177873782814 3.79263628832996 3.84633407089859 3.78855254966766 3.73077102843672 3.67298950720578 3.8420045664534 4.23781620617956 4.63362784590572 5.02943948563188
-9999 -9999 -9999 -9999 -9999 -9999 -9999 -9999 -9999 -9999 -9999 -9999 -9999 -9999 -9999 -9999 -9999 -9999 -9999 -9999 -9999 -9999 -9999 -9999 5.65804442111403 5.75583480298519 5.85362518485636 5.95141556672752 5.48871066095307 4.46551046753302 3.44231027411297 2.41911008069292 2.44351395405829 2.8171191830188 3.19072441197932 3.56432964093983 3.31142743863165 3.05852523632348 2.8056230340153 2.66502742515877 2.86135159665719 3.0576757681556 3.25399993965402 3.3210896900855 3.25894501945004 3.19680034881458 3.13465567817912 3.21480406494811 3.34238347085193 3.46996287675574 3.59754228265956 3.76832952769473 3.9391167727299 4.10990401776507 4.22616417892277 4.17884308844805 4.13152199797332 4.0842009074986 4.21652617212385 4.52849779184908 4.8404694115743 5.15244103129953
-9999 -9999 -9999 -9999 -9999 -9999 -9999 -9999 -9999 -9999 -9999 -9999 -9999 -9999 -9999 -9999 -9999 -9999 -9999 -9999 -9999 -9999 -9999 -9999 5.62544762715697 5.59285083319992 5.56025403924286 5.52765724528581 5.13671860517934 4.38743811892346 3.63815763266757 2.88887714641169 2.75013646110892 2.81490904279053 2.87968162447214 2.94445420615375 2.95537067949772 2.96628715284169 2.97720362618566 3.00785998860374 3.09773601824418 3.18761204788461 3.27748807752505 3.33067738870159 3.34717998141423 3.36368257412687 3.38018516683951 3.43336876155809 3.49877935694531 3.56418995233253 3.62960054771975 3.88371685193852 4.13783315615728 4.39194946037605 4.61423793062568 4.74104289896786 4.86784786731005 4.99465283565223 4.95539407152683 4.75007157493383 4.54474907834083 4.33942658174783
-9999 -9999 -9999 -9999 -9999 -9999 -9999 -9999 -9999 -9999 -9999 -9999 -9999 -9999 -9999 -9999 -9999 -9999 -9999 -9999 -9999 -9999 -9999 -9999 4.75281886523589 4.82984402915463 4.90686919307336 4.9838943569921 4.7847265494056 4.30936577031389 3.83400499122217 3.35864421213046 3.05675896815956 2.81269890256226 2.56863883696496 2.32457877136767 2.59931392036378 2.8740490693599 3.14878421835601 3.35069255204871 3.33412043983117 3.31754832761362 3.30097621539608 3.34026508731768 3.43541494337842 3.53056479943916 3.62571465549991 3.65193345816806 3.65517524303868 3.65841702790931 3.66165881277993 3.9991041761823 4.33654953958467 4.67399490298703 5.00231168232858 5.30324270948768 5.60417373664677 5.90510476380587 5.6942619709298 4.97164535801858 4.24902874510735 3.52641213219613
-9999 -9999 -9999 -9999 -9999 -9999 -9999 -9999 -9999 -9999 -9999 -9999 -9999 -9999 -9999 -9999 -9999 -9999 -9999 -9999 -9999 -9999 -9999 -9999 4.73741383245215 4.75281886523589 4.76822389801964 4.78362893080339 4.55658390233293 4.08708881260827 3.61759372288361 3.14809863315895 2.87860120134428 2.67576965549961 2.47293810965493 2.27010656381026 2.59037524508312 2.91064392635599 3.23091260762885 3.45922755310312 3.41168129118159 3.36413502926007 3.31658876733854 3.33638483611867 3.42352323560044 3.51066163508222 3.59780003456399 3.68411041097715 3.77014477970079 3.85617914842442 3.94221351714805 4.1329169687815 4.32362042041495 4.51432387204841 4.70078119821846 4.87450014799833 5.0482190977782 5.22193804755807 5.10351318027824 4.69294449593872 4.2823758115992 3.87180712725967
-9999 -9999 -9999 -9999 -9999 -9999 -9999 -9999 -9999 -9999 -9999 -9999 -9999 -9999 -9999 -9999 -9999 -9999 -9999 -9999 -9999 -9999 -9999 -9999 4.7220087996684 4.67579370131716 4.62957860296592 4.58336350461468 4.32844125526026 3.86481185490265 3.40118245454505 2.93755305418745 2.70044343452901 2.53884040843695 2.3772373823449 2.21563435625285 2.58143656980246 2.94723878335208 3.31304099690169 3.56776255415753 3.48924214253202 3.41072173090652 3.33220131928101 3.33250458491966 3.41163152782246 3.49075847072527 3.56988541362807 3.71628736378625 3.88511431636289 4.05394126893952 4.22276822151616 4.2667297613807 4.31069130124524 4.35465284110978 4.39925071410835 4.44575758650899 4.49226445890963 4.53877133131027 4.51276438962668 4.41424363385886 4.31572287809104 4.21720212232322
-9999 -9999 -9999 -9999 -9999 -9999 -9999 -9999 -9999 -9999 -9999 -9999 -9999 -9999 -9999 -9999 -9999 -9999 -9999 -9999 -9999 -9999 -9999 -9999 -9999 -9999 4.44471820956096 4.44471820956096 4.24235941981897 3.83764184033498 3.432924260851 3.02820668136701 2.77337826322764 2.56851289886981 2.36364753451198 2.15878217015415 2.55524877179414 2.95171537343413 3.34818197507411 3.62203005468473 3.52802256820723 3.43401508172974 3.34000759525225 3.33056445932016 3.40568567393348 3.48080688854679 3.55592810316011 3.7323758401908 3.94259908469394 4.15282232919708 4.36304557370022 4.3336361576803 4.30422674166039 4.27481732564047 4.24472011160105 4.21255950350314 4.18039889540523 4.14823828730732 4.16844030842185 4.24100495874882 4.31356960907578 4.38613425940275
