data/climate/maas/max_temp.asc
NCOLS 360 
NROWS 180 
XLLCORNER -180 
YLLCORNER -90 
CELLSIZE 1 
NODATA_value -9999 
[rows 84 to 111 of 180, columns 124 to 185 of 360]
32.0952685546875 33.3505485026042 34.6058284505209 35.8611083984375 36.0277880859375 36.1944677734375 36.3611474609375 36.3222766113281 35.6667541503907 35.0112316894531 34.3557092285157 34.0279479980469 34.0279479980469 -9999 -9999 -9999 -9999 -9999 -9999 -9999 -9999 -9999 -9999 -9999 -9999 -9999 -9999 -9999 -9999 -9999 -9999 -9999 -9999 29.657861328125 29.28140625 28.904951171875 28.52849609375 28.1738793945313 27.8847778320313 27.5956762695313 27.3065747070313 27.5641625976563 28.3684399414063 29.1727172851563 29.9769946289063 30.1567431640625 30.1283154296875 30.0998876953125 30.0714599609375 30.3564908854167 30.6415218098959 30.926552734375 31.0165128580729 30.5212605794271 30.0260083007813 29.5307560221354 29.2384969075521 29.1492309570313 29.0599650065104 28.9706990559896 29.6346545410156 30.5496838378906
30.9047839355469 33.0668103027344 35.2288366699219 37.3908630371094 36.3376273600261 35.2843916829427 34.2311560058594 33.4035852050782 33.2530090332031 33.1024328613282 32.9518566894532 32.6402543131511 32.1676257324219 31.6949971516927 31.2223685709636 -9999 -9999 -9999 -9999 -9999 -9999 -9999 -9999 -9999 -9999 -9999 -9999 -9999 -9999 -9999 -9999 -9999 -9999 27.9197784423828 27.8214166259766 27.7230548095703 27.6246929931641 27.4665616861979 27.1291219075521 26.7916821289063 26.4542423502604 26.7277311197917 27.6121484375 28.4965657552084 29.3809830729167 29.6244604492188 29.6542911783854 29.6841219075521 29.7139526367188 30.0272599283854 30.3405672200521 30.6538745117188 30.7869580078125 30.3793701171875 29.9717822265625 29.5641943359375 29.4391162109375 29.5965478515625 29.7539794921875 29.9114111328125 30.3778833007813 30.9473689778646
32.7412561035156 34.1004309082032 35.4596057128906 36.8187805175781 34.7972896321615 32.7757987467448 30.7543078613281 29.3272310384115 29.6833964029948 30.0395617675781 30.3957271321615 30.6445300292969 30.7859704589844 30.9274108886719 31.0688513183594 31.1042114257813 31.1042114257813 -9999 -9999 -9999 -9999 -9999 -9999 -9999 -9999 -9999 -9999 -9999 -9999 -9999 -9999 -9999 -9999 27.9197784423828 27.9525657145183 27.9853529866537 28.0181402587891 27.9102115885417 27.3801350911459 26.85005859375 26.3199820963542 26.3859318033854 27.0479077148438 27.7098836263021 28.3718595377604 28.7170458984375 28.9566357421875 29.1962255859375 29.4358154296875 29.7362516276042 30.0366878255209 30.3371240234375 30.517880859375 30.339599609375 30.161318359375 29.983037109375 29.8818180338542 29.8576611328125 29.8335042317709 29.8093473307292 30.3656323242188 31.1153979492188
34.5777282714844 35.1340515136719 35.6903747558594 36.2466979980469 33.2569519042969 30.2672058105469 27.2774597167969 25.2508768717448 26.1137837727865 26.9766906738281 27.8395975748698 28.6488057454427 29.4043151855469 30.1598246256511 30.9153340657552 30.722607421875 30.2138020833334 29.7049967447917 -9999 -9999 -9999 -9999 -9999 -9999 -9999 -9999 -9999 -9999 -9999 -9999 -9999 -9999 -9999 -9999 -9999 28.5345397949219 28.5345397949219 28.3538614908854 27.6311482747396 26.9084350585938 26.1857218424479 26.0441324869792 26.4836669921875 26.9232014973959 27.3627360026042 27.8096313476563 28.2589803059896 28.7083292643229 29.1576782226563 29.4452433268229 29.7328084309896 30.0203735351563 30.2488037109375 30.2998291015625 30.3508544921875 30.4018798828125 30.3245198567709 30.1187744140625 29.9130289713542 29.7072835286459 30.3533813476563 31.2834269205729
34.7727697753906 35.1552941894531 35.5378186035156 35.9203430175781 33.7930318196615 31.6657206217448 29.5384094238281 28.3151200358073 29.803896077474 31.2926721191406 32.7814481608073 33.2612910970052 32.7322009277344 32.2031107584636 31.6740205891927 31.07263671875 30.4471549479167 29.8216731770834 -9999 -9999 -9999 -9999 -9999 -9999 -9999 -9999 -9999 -9999 -9999 -9999 -9999 -9999 -9999 -9999 -9999 28.5345397949219 28.5345397949219 28.3791235351563 27.7574584960938 27.1357934570313 26.5141284179688 26.369755859375 26.70267578125 27.035595703125 27.368515625 27.9075805664063 28.5153605143229 29.1231404622396 29.7309204101563 29.6096053059896 29.4882902018229 29.3669750976563 29.3465657552084 29.6288736979167 29.911181640625 30.1934895833334 30.1906201171875 29.9025732421875 29.6145263671875 29.3264794921875 29.8433129882813 30.6284399414063
34.9678112792969 35.1765368652344 35.3852624511719 35.5939880371094 34.3291117350261 33.0642354329427 31.7993591308594 31.3793631998698 33.4940083821615 35.6086535644531 37.7232987467448 37.8737764485677 36.0600866699219 34.2463968912761 32.4327071126302 31.422666015625 30.6805078125 29.938349609375 29.19619140625 29.19619140625 -9999 -9999 -9999 -9999 -9999 -9999 -9999 -9999 -9999 -9999 -9999 -9999 -9999 -9999 -9999 -9999 -9999 28.4043855794271 27.8837687174479 27.3631518554688 26.8425349934896 26.6953792317709 26.9216845703125 27.1479899088542 27.3742952473959 28.0055297851563 28.7717407226563 29.5379516601563 30.3041625976563 29.7739672851563 29.2437719726563 28.7135766601563 28.4443277994792 28.9579182942709 29.4715087890625 29.9850992838542 30.0567203776042 29.6863720703125 29.3160237630209 28.9456754557292 29.3332446289063 29.9734529622396
35.1296533203125 35.280380859375 35.4311083984375 35.5818359375 34.897529296875 34.21322265625 33.528916015625 33.490605061849 35.3902811686198 37.2899572753906 39.1896333821615 39.1765897623698 37.2508264160156 35.3250630696615 33.3992997233073 32.2946069335938 31.4636043294271 30.6326017252604 29.8015991210938 29.5909545898438 29.3803100585938 29.1696655273438 -9999 -9999 -9999 -9999 -9999 -9999 -9999 -9999 -9999 -9999 -9999 -9999 -9999 -9999 -9999 -9999 -9999 26.7716918945313 26.7716918945313 26.9125382486979 27.1942309570313 27.4759236653646 27.7576163736979 28.2754284667969 28.8719470214844 29.4684655761719 30.0649841308594 29.6078438313802 29.1507035319011 28.6935632324219 28.4750183105469 28.9722595214844 29.4695007324219 29.9667419433594 30.0614123535156 29.7535119628906 29.4456115722656 29.1377111816406 29.4096044921875 29.8747623697917
35.2582958984375 35.466826171875 35.6753564453125 35.88388671875 35.4982845052084 35.1126822916667 34.727080078125 34.6488456217448 35.492714436849 36.3365832519531 37.1804520670573 37.1697310384115 36.3044201660157 35.4391092936198 34.573798421224 33.6884594726563 32.7964444986979 31.9044295247396 31.0124145507813 30.4788859049479 29.9453572591146 29.4118286132813 29.0116821289063 29.0116821289063 -9999 -9999 -9999 -9999 -9999 -9999 -9999 -9999 -9999 -9999 -9999 -9999 -9999 -9999 -9999 -9999 -9999 27.0212329101563 27.5203149414063 28.0193969726563 28.5184790039063 28.7172766113281 28.8159794108073 28.9146822102865 29.0133850097656 29.1112349446615 29.2090848795573 29.3069348144531 29.4386372884115 29.6718973795573 29.9051574707031 30.138417561849 30.2046960449219 30.1039929199219 30.0032897949219 29.9025866699219 30.072392578125 30.3323681640625
35.3869384765625 35.653271484375 35.9196044921875 36.1859375 36.0990397135417 36.0121419270834 35.925244140625 35.8070861816406 35.5951477050781 35.3832092285157 35.1712707519532 35.1628723144532 35.3580139160157 35.5531555175781 35.7482971191406 35.0823120117188 34.1292846679688 33.1762573242188 32.2232299804688 31.3668172200521 30.5104044596354 29.6539916992188 29.2342427571615 30.1244852701823 31.0147277832031 31.904970296224 -9999 -9999 -9999 -9999 -9999 -9999 -9999 -9999 -9999 -9999 -9999 -9999 -9999 -9999 -9999 -9999 -9999 29.4584594726563 29.4584594726563 29.1591247558594 28.7600118001302 28.3608988444011 27.9617858886719 28.6146260579427 29.2674662272136 29.9203063964844 30.4022562662761 30.3715352376302 30.3408142089844 30.3100931803386 30.3479797363281 30.4544738769531 30.5609680175782 30.6674621582032 30.7351806640625 30.7899739583334
36.0179516601563 36.1800301106771 36.3421085611979 36.5041870117188 36.4205151367188 36.3368432617188 36.2531713867188 36.1211364746094 35.8440124511719 35.5668884277344 35.2897644042969 35.1841849772136 35.2501501464844 35.3161153157552 35.3820804850261 35.005068359375 34.4803971354167 33.9557259114584 33.4310546875 32.5698307291667 31.7086067708334 30.8473828125 30.344706624349 30.9176737467448 31.4906408691406 32.0636079915365 -9999 -9999 -9999 -9999 -9999 -9999 -9999 -9999 -9999 -9999 -9999 -9999 -9999 -9999 -9999 -9999 -9999 29.4584594726563 29.4584594726563 29.1591247558594 28.7600118001302 28.3608988444011 27.9617858886719 28.6146260579427 29.2674662272136 29.9203063964844 30.4022562662761 30.3715352376302 30.3408142089844 30.3100931803386 30.2451281738281 30.1459191894531 30.0467102050781 29.9475012207031 29.5409155273438 29.0318709309896
36.64896484375 36.7067887369792 36.7646126302084 36.8224365234375 36.7419905598959 36.6615445963542 36.5810986328125 36.4351867675781 36.0928771972656 35.7505676269531 35.4082580566406 35.205497639974 35.1422863769532 35.0790751139323 35.0158638509115 34.9278247070313 34.8315096028646 34.7351944986979 34.6388793945313 33.7728442382813 32.9068090820313 32.0407739257813 31.4551704915365 31.7108622233073 31.9665539550781 32.222245686849 32.3500915527344 32.3500915527344 -9999 -9999 -9999 -9999 -9999 -9999 -9999 -9999 -9999 -9999 -9999 -9999 -9999 -9999 -9999 -9999 -9999 29.1591247558594 28.7600118001302 28.3608988444011 27.9617858886719 28.6146260579427 29.2674662272136 29.9203063964844 30.4022562662761 30.3715352376302 30.3408142089844 30.3100931803386 30.1422766113281 29.8373645019532 29.5324523925782 29.2275402832032 28.346650390625 27.2737679036459
37.0122644042969 37.0303910319011 37.0485176595052 37.0666442871094 36.9968493652344 36.9270544433594 36.8572595214844 36.7169087727865 36.3648905436198 36.0128723144531 35.6608540852865 35.4179927571615 35.2842883300781 35.1505839029948 35.0168794759115 35.0525 35.1445621744792 35.2366243489584 35.3286865234375 34.6316422526042 33.9345979817709 33.2375537109375 32.6890409342448 32.586122639974 32.4832043457032 32.3802860514323 32.5987520345052 33.1386022949219 33.6784525553386 34.2183028157552 -9999 -9999 -9999 -9999 -9999 -9999 -9999 -9999 -9999 -9999 -9999 -9999 -9999 -9999 -9999 -9999 -9999 -9999 -9999 -9999 -9999 -9999 -9999 -9999 -9999 -9999 29.6418060302735 29.4894256591797 29.337045288086 29.1846649169922 28.3423327636719 27.2700166829427
37.1078503417969 37.1508369954427 37.1938236490886 37.2368103027344 37.1850915527344 37.1333728027344 37.0816540527344 36.9663024902344 36.6600524902344 36.3538024902344 36.0475524902344 35.8216703287761 35.6761560058594 35.5306416829427 35.3851273600261 35.3790942382813 35.4195548502604 35.4600154622396 35.5004760742188 35.1462247721354 34.7919734700521 34.4377221679688 34.046317952474 33.5434549967448 33.0405920410157 32.5377290852865 32.5618933105469 33.1130847167969 33.6642761230469 34.2154675292969 34.3532653808594 34.3532653808594 -9999 -9999 -9999 -9999 -9999 -9999 -9999 -9999 -9999 -9999 -9999 -9999 -9999 -9999 -9999 -9999 -9999 -9999 -9999 -9999 -9999 -9999 -9999 -9999 29.743392944336 29.7941864013672 29.8449798583985 29.8957733154297 29.5279626464844 29.0206172688802
37.2034362792969 37.2712829589844 37.3391296386719 37.4069763183594 37.3733337402344 37.3396911621094 37.3060485839844 37.2156962076823 36.955214436849 36.6947326660156 36.4342508951823 36.2253479003906 36.0680236816406 35.9106994628906 35.7533752441406 35.7056884765625 35.6945475260417 35.6834065755209 35.672265625 35.6608072916667 35.6493489583334 35.637890625 35.4035949707031 34.5007873535156 33.5979797363281 32.6951721191407 32.5250345865886 33.0875671386719 33.6500996907552 34.2126322428386 35.5789672851563 37.2132364908854 38.8475056966146 -9999 -9999 -9999 -9999 -9999 -9999 -9999 -9999 -9999 -9999 -9999 -9999 -9999 -9999 -9999 -9999 -9999 -9999 -9999 -9999 -9999 -9999 -9999 34.1155375162761 33.0554870605469 31.9954366048177 30.9353861490886 30.7135925292969 30.7712178548177
37.0059167480469 37.1762243652344 37.3465319824219 37.5168395996094 37.4955830891927 37.4743265787761 37.4530700683594 37.3802795410156 37.1528869628906 36.9254943847656 36.6981018066407 36.495868733724 36.3187951660156 36.1417215983073 35.964648030599 35.82509765625 35.6980550130209 35.5710123697917 35.4439697265625 35.4730973307292 35.5022249348959 35.5313525390625 35.3209126790365 34.3917704264323 33.4626281738282 32.533485921224 32.3728715006511 32.9807849121094 33.5886983235677 34.1966117350261 35.5752270507813 37.2107430013021 38.8462589518229 -9999 -9999 -9999 -9999 -9999 -9999 -9999 -9999 -9999 -9999 -9999 -9999 -9999 -9999 -9999 -9999 -9999 -9999 -9999 -9999 -9999 -9999 -9999 34.5395576985677 34.3275476074219 34.1155375162761 33.9035274251302 34.0758166503906 34.3762056477865
36.8083972167969 37.0811657714844 37.3539343261719 37.6267028808594 37.6178324381511 37.6089619954427 37.6000915527344 37.544862874349 37.3505594889323 37.1562561035156 36.961952718099 36.7663895670573 36.5695666503906 36.372743733724 36.1759208170573 35.9445068359375 35.7015625 35.4586181640625 35.215673828125 35.2853873697917 35.3551009114584 35.424814453125 35.2382303873698 34.282753499349 33.3272766113282 32.3717997233073 32.2207084147136 32.8740026855469 33.5272969563802 34.1805912272136 35.5714868164063 37.2082495117188 38.8450122070313 40.4817749023438 40.4817749023438 -9999 -9999 -9999 -9999 -9999 -9999 -9999 -9999 -9999 -9999 -9999 -9999 -9999 -9999 -9999 -9999 -9999 -9999 -9999 -9999 -9999 34.9635778808594 35.5996081542969 36.2356384277344 36.8716687011719 37.4380407714844 37.9811934407552
38.0447290039063 37.8960994466146 37.7474698893229 37.5988403320313 37.5731876627604 37.5475349934896 37.5218823242188 37.4779545084636 37.3792012532552 37.2804479980469 37.1816947428386 37.0063008626302 36.7542663574219 36.5022318522136 36.2501973470052 35.960087890625 35.6572867838542 35.3544856770834 35.0516845703125 35.1780550130209 35.3044254557292 35.4307958984375 35.2903438313802 34.3494242350261 33.4085046386719 32.4675850423177 32.4740824381511 33.4279968261719 34.3819112141927 35.3358256022136 36.2606994628906 37.1758931477865 38.0910868326823 39.0062805175781 38.4160827636719 37.8258850097656 37.2356872558594 -9999 -9999 -9999 -9999 -9999 -9999 -9999 -9999 -9999 -9999 -9999 -9999 -9999 -9999 -9999 -9999 -9999 -9999 -9999 39.1233856201172 39.035971069336 38.9485565185547 38.8611419677735 39.3463671875 40.0224723307292
40.714912109375 39.621025390625 38.527138671875 37.433251953125 37.3616487630209 37.2900455729167 37.2184423828125 37.1795544433594 37.2388122558594 37.2980700683594 37.3573278808594 37.2156026204427 36.8728942871094 36.5301859537761 36.1874776204427 35.8718408203125 35.5652278645834 35.2586149088542 34.952001953125 35.1511002604167 35.3501985677084 35.549296875 35.4772530110677 34.5917826334636 33.7063122558594 32.8208418782552 33.1329935709636 34.6427673339844 36.1525410970052 37.6623148600261 37.6428649902344 37.1136739095052 36.5844828287761 36.0552917480469 36.2520243326823 36.4487569173177 36.6454895019532 -9999 -9999 -9999 -9999 -9999 -9999 -9999 -9999 -9999 -9999 -9999 -9999 -9999 -9999 -9999 -9999 -9999 -9999 -9999 39.1816619873047 39.2108001708985 39.2399383544922 39.269076538086 39.8007958984375 40.5000423177083
43.3850952148438 41.3459513346354 39.3068074544271 37.2676635742188 37.1501098632813 37.0325561523438 36.9150024414063 36.8811543782552 37.0984232584636 37.3156921386719 37.5329610188802 37.4249043782552 36.9915222167969 36.5581400553386 36.1247578938802 35.78359375 35.4731689453125 35.162744140625 34.8523193359375 35.1241455078125 35.3959716796875 35.6677978515625 35.6641621907552 34.8341410319011 34.0041198730469 33.1740987141927 33.7919047037761 35.8575378417969 37.9231709798177 39.9888041178386 39.0250305175781 37.051454671224 35.0778788248698 33.1043029785156 34.1455871582031 35.1868713378907 36.2281555175782 -9999 -9999 -9999 -9999 -9999 -9999 -9999 -9999 -9999 -9999 -9999 -9999 -9999 -9999 -9999 -9999 -9999 -9999 -9999 40.8382253011068 40.4921356201172 40.1460459391276 39.799956258138 40.255224609375 40.9776123046875
40.2934741210938 39.3465893554688 38.3997045898438 37.4528198242188 37.3319881184896 37.2111564127604 37.0903247070313 36.9306726074219 36.6545593261719 36.3784460449219 36.1023327636719 35.9290450032552 35.8585827636719 35.7881205240886 35.7176582845052 35.5296264648438 35.3024047851563 35.0751831054688 34.8479614257813 34.9302856445313 35.0126098632813 35.0949340820313 34.9633312988282 34.1899475097657 33.4165637207031 32.6431799316406 32.8250174967448 33.9620764160156 35.0991353352865 36.2361942545573 36.4619982910156 36.3840506998698 36.306103108724 36.2281555175782 36.4364123535156 36.6446691894532 36.8529260253906 -9999 -9999 -9999 -9999 -9999 -9999 -9999 -9999 -9999 -9999 -9999 -9999 -9999 -9999 -9999 -9999 -9999 -9999 -9999 40.9766611735026 40.9074432373047 40.8382253011068 40.7690073649089 41.0594287109375 41.4697298177084
37.2018530273438 37.3472273763021 37.4926017252604 37.6379760742188 37.5138663736979 37.3897566731771 37.2656469726563 36.9801908365886 36.2106953938802 35.4411999511719 34.6717045084636 34.4331856282552 34.7256433105469 35.0181009928386 35.3105586751302 35.2756591796875 35.131640625 34.9876220703125 34.843603515625 34.73642578125 34.629248046875 34.5220703125 34.2625004069011 33.5457539876302 32.8290075683594 32.1122611490886 31.8581302897136 32.0666149902344 32.2750996907552 32.4835843912761 33.8989660644531 35.7166467285156 37.5343273925781 39.3520080566406 38.7272375488281 38.1024670410157 37.4776965332032 -9999 -9999 -9999 -9999 -9999 -9999 -9999 -9999 -9999 -9999 -9999 -9999 -9999 -9999 -9999 -9999 -9999 -9999 -9999 41.1150970458985 41.3227508544922 41.530404663086 41.7380584716797 41.8636328125 41.9618473307292
33.0449279785156 34.6092834472657 36.1736389160156 37.7379943847656 37.5772082519532 37.4164221191406 37.2556359863281 36.9183569335938 36.0515991210938 35.1848413085938 34.3180834960938 34.0042985026042 34.243486328125 34.4826741536459 34.7218619791667 34.7301196289063 34.6614005533854 34.5926814778646 34.5239624023438 34.2595922851563 33.9952221679688 33.7308520507813 33.3776538085938 32.7579711914063 32.1382885742188 31.5186059570313 31.05376953125 30.743779296875 30.4337890625 30.123798828125 32.2198278808594 35.1178633626302 38.0158988444011 40.9139343261719 40.9139343261719 -9999 -9999 -9999 -9999 -9999 -9999 -9999 -9999 -9999 -9999 -9999 -9999 -9999 -9999 -9999 -9999 -9999 -9999 -9999 -9999 -9999 42.2761450195313 42.2818774414063 42.2876098632813 42.2933422851563 42.2572229003906 42.2071529134115
27.8226989746094 31.1327575683594 34.4428161621094 37.7528747558594 37.5220137532552 37.2911527506511 37.0602917480469 36.7451708984375 36.1772705078125 35.6093701171875 35.0414697265625 34.6423836263021 34.4121118164063 34.1818400065104 33.9515681966146 33.8930078125 33.8916845703125 33.890361328125 33.8890380859375 33.49978515625 33.1105322265625 32.721279296875 32.3087915039063 31.8265991210938 31.3444067382813 30.8622143554688 30.4119352213542 29.9935693359375 29.5752034505209 29.1568375651042 31.4245837402344 34.5877006022136 37.7508174641927 -9999 -9999 -9999 -9999 -9999 -9999 -9999 -9999 -9999 -9999 -9999 -9999 -9999 -9999 -9999 -9999 -9999 -9999 -9999 -9999 -9999 -9999 -9999 42.2723234049479 42.2704125976563 42.2685017903646 42.2665909830729 42.2401989746094 42.2056465657552
22.6004699707032 27.6562316894532 32.7119934082032 37.7677551269532 37.4668192545573 37.1658833821615 36.8649475097656 36.5719848632813 36.3029418945313 36.0338989257813 35.7648559570313 35.28046875 34.5807373046875 33.881005859375 33.1812744140625 33.0558959960938 33.1219685872396 33.1880411783854 33.2541137695313 32.7399780273438 32.2258422851563 31.7117065429688 31.2399291992188 30.8952270507813 30.5505249023438 30.2058227539063 29.7701009114584 29.243359375 28.7166178385417 28.1898763020834 27.7982055664063 27.4515584309896 27.1049112955729 -9999 -9999 -9999 -9999 -9999 -9999 -9999 -9999 -9999 -9999 -9999 -9999 -9999 -9999 -9999 -9999 -9999 -9999 -9999 -9999 -9999 -9999 -9999 42.8504496256511 42.6618347167969 42.4732198079427 42.2846048990886 42.2231750488282 42.204140218099
23.7968542480469 29.4411543782552 35.0854545084636 40.7297546386719 39.5929431152344 38.4561315917969 37.3193200683594 36.4370402018229 36.3183553059896 36.1996704101563 36.0809855143229 35.76779296875 35.2600927734375 34.752392578125 34.2446923828125 33.7998315429688 33.3759171549479 32.9520027669271 32.5280883789063 31.8374194335938 31.1467504882813 30.4560815429688 29.9173006184896 29.8341837565104 29.7510668945313 29.6679500325521 29.2786393229167 28.583134765625 27.8876302083334 27.1921256510417 26.9662524414063 26.8969230143229 26.8275935872396 -9999 -9999 -9999 -9999 -9999 -9999 -9999 -9999 -9999 -9999 -9999 -9999 -9999 -9999 -9999 -9999 -9999 -9999 -9999 -9999 -9999 -9999 -9999 42.9258955891927 42.8881726074219 42.8504496256511 42.8127266438802 42.7274401855469 42.6262992350261
24.9932385253906 31.2260770670573 37.458915608724 43.6917541503907 41.7190669759115 39.7463798014323 37.7736926269531 36.3020955403646 36.3337687174479 36.3654418945313 36.3971150716146 36.2551171875 35.9394482421875 35.623779296875 35.3081103515625 34.5437670898438 33.6298657226563 32.7159643554688 31.8020629882813 30.9348608398438 30.0676586914063 29.2004565429688 28.5946720377604 28.7731404622396 28.9516088867188 29.1300773111979 28.787177734375 27.92291015625 27.058642578125 26.194375 26.1342993164063 26.3422875976563 26.5502758789063 -9999 -9999 -9999 -9999 -9999 -9999 -9999 -9999 -9999 -9999 -9999 -9999 -9999 -9999 -9999 -9999 -9999 -9999 -9999 -9999 -9999 -9999 -9999 43.0013415527344 43.1145104980469 43.2276794433594 43.3408483886719 43.2317053222657 43.0484582519532
28.9050390625 34.229189453125 39.55333984375 44.877490234375 43.0122705078125 41.14705078125 39.2818310546875 37.7997977701823 37.467323811849 37.1348498535156 36.8023758951823 36.5484102376302 36.3729528808594 36.1974955240886 36.0220381673177 35.0884765625 33.9022135416667 32.7159505208334 31.5296875 30.6326741536459 29.7356608072917 28.8386474609375 28.1771374511719 28.2221374511719 28.2671374511719 28.3121374511719 27.9667549641927 27.2309899902344 26.4952250162761 25.7594600423177 25.6106732177735 25.6575457763672 25.704418334961 -9999 -9999 -9999 -9999 -9999 -9999 -9999 -9999 -9999 -9999 -9999 -9999 -9999 -9999 -9999 -9999 -9999 -9999 -9999 -9999 -9999 -9999 -9999 44.8185437011719 44.6156774902344 44.4128112792969 44.2099450683594 43.8370324707032 43.4074377441407
35.532255859375 38.4504915364584 41.3687272135417 44.286962890625 43.4725537109375 42.65814453125 41.8437353515625 40.9301468912761 39.7190205891927 38.5078942871094 37.2967679850261 36.6476721191406 36.5606066894531 36.4735412597657 36.3864758300781 35.4339599609375 34.1929606119792 32.9519612630209 31.7109619140625 30.930859375 30.1507568359375 29.370654296875 28.664696858724 28.1811747233073 27.6976525878906 27.214130452474 26.8173710123698 26.5073742675782 26.1973775227865 25.8873807779948 25.7981634521485 25.7825392659505 25.7669150797526 -9999 -9999 -9999 -9999 -9999 -9999 -9999 -9999 -9999 -9999 -9999 -9999 -9999 -9999 -9999 -9999 -9999 -9999 -9999 -9999 -9999 -9999 -9999 44.9537878417969 45.0214099121094 45.0890319824219 45.1566540527344 44.5434216308594 43.7032377115886
