data/climate/maas/max_temp.asc
NCOLS 360 
NROWS 180 
XLLCORNER -180 
YLLCORNER -90 
CELLSIZE 1 
NODATA_value -9999 
[rows 56 to 83 of 180, columns 248 to 309 of 360]
44.4036946614584 45.0490397135417 45.694384765625 46.3269999186198 46.921425374349 47.5158508300782 48.1102762858073 48.3975956217448 48.3778088378907 48.3580220540365 48.3382352701823 48.0362573242188 47.6402156575521 47.2441739908854 46.8481323242188 46.2244295247396 45.6007267252604 44.9770239257813 43.9256311035157 41.5911682128907 39.2567053222656 36.9222424316406 35.2576241048177 34.2628503417969 33.2680765787761 32.2733028157552 32.1094482421875 32.2225667317709 32.3356852213542 32.4488037109375 31.6000081380209 30.7512125651042 29.9024169921875 29.8133935546875 32.0036865234375 34.1939794921875 36.3842724609375 37.7297387695313 38.2303784179688 38.7310180664063 39.2316577148438 39.1914923095703 38.9710585530599 38.7506247965495 -9999 -9999 -9999 -9999 -9999 -9999 -9999 -9999 -9999 -9999 -9999 -9999 -9999 -9999 -9999 -9999 -9999 -9999
48.6137817382813 48.2793579101563 47.9449340820313 47.7941589355469 48.1943298339844 48.5945007324219 48.9946716308594 49.1775248209636 49.1430603027344 49.1085957845052 49.0741312662761 48.4122680664063 47.5412719726563 46.6702758789063 45.7992797851563 45.0155151367188 44.2317504882813 43.4479858398438 42.3399922688802 40.2593119303386 38.1786315917969 36.0979512532552 34.844081624349 34.4170227050781 33.9899637858073 33.5629048665365 33.7796875 34.211083984375 34.64248046875 35.073876953125 33.4561197916667 31.8383626302084 30.22060546875 29.6414713541667 32.1782063802084 34.71494140625 37.2516764322917 39.0724812825521 40.1773559570313 41.2822306315104 42.3871053059896 40.3649353027344 37.3004170735677 34.2358988444011 -9999 -9999 -9999 -9999 -9999 -9999 -9999 -9999 -9999 -9999 -9999 -9999 -9999 -9999 -9999 -9999 -9999 -9999
47.109921875 47.147236328125 47.18455078125 47.296757405599 47.6336405436198 47.9705236816406 48.3074068196615 48.5086779785156 48.5743371582032 48.6399963378907 48.7056555175782 48.2508959960938 47.6226635742188 46.9944311523438 46.3661987304688 45.2559627278646 44.1457267252604 43.0354907226563 41.6334623209636 39.3560567220052 37.0786511230469 34.8012455240886 33.3524556477865 32.7322814941407 32.1121073404948 31.491933186849 31.783701171875 32.3794498697917 32.9751985677084 33.570947265625 33.9585774739584 34.3462076822917 34.733837890625 35.3107283528646 36.4553995768229 37.6000708007813 38.7447420247396 39.1415234375 38.7904150390625 38.439306640625 38.0881982421875 36.6346130371094 34.8135355631511 32.9924580891927 -9999 -9999 -9999 -9999 -9999 -9999 -9999 -9999 -9999 -9999 -9999 -9999 -9999 -9999 -9999 -9999 -9999 -9999
45.6060620117188 46.0151147460938 46.4241674804688 46.7993558756511 47.0729512532552 47.3465466308594 47.6201420084636 47.8398311360677 48.0056140136719 48.1713968912761 48.3371797688802 48.0895239257813 47.7040551757813 47.3185864257813 46.9331176757813 45.4964103190104 44.0597029622396 42.6229956054688 40.9269323730469 38.4528015136719 35.9786706542969 33.5045397949219 31.860829671224 31.0475402832031 30.2342508951823 29.4209615071615 29.78771484375 30.5478157552084 31.3079166666667 32.068017578125 34.46103515625 36.854052734375 39.2470703125 40.9799853515625 40.7325927734375 40.4852001953125 40.2378076171875 39.2105655924479 37.4034741210938 35.5963826497396 33.7892911783854 32.9042907714844 32.3266540527344 31.7490173339844 31.1713806152344 31.1713806152344 -9999 -9999 -9999 -9999 -9999 -9999 -9999 -9999 -9999 -9999 -9999 -9999 -9999 -9999 -9999 -9999
44.2879984537761 44.9216084798177 45.5552185058594 46.0922208658854 46.3394002278646 46.5865795898438 46.8337589518229 47.0376586914063 47.1982788085938 47.3588989257813 47.5195190429688 47.1864477539063 46.6888126627604 46.1911775716146 45.6935424804688 44.1592976888021 42.6250528971354 41.0908081054688 39.3782185872396 37.1305948893229 34.8829711914063 32.6353474934896 31.2898193359375 30.84638671875 30.4029541015625 29.959521484375 30.3626379394531 31.0479374186198 31.7332368977865 32.4185363769531 34.9449475097656 37.4713586425781 39.9977697753907 41.8484525553386 41.6719502766927 41.4954479980469 41.3189457194011 39.9956742350261 37.5256335449219 35.0555928548177 32.5855521647136 31.7224304199219 31.3949483235677 31.0674662272136 30.7399841308594 30.5674255371094 30.3948669433594 30.2223083496094 -9999 -9999 -9999 -9999 -9999 -9999 -9999 -9999 -9999 -9999 -9999 -9999 -9999 -9999
43.1557312011719 43.8667175292969 44.5777038574219 45.1753523763021 45.4329874674479 45.6906225585938 45.9482576497396 46.1021606445313 46.1523315429688 46.2025024414063 46.2526733398438 45.5416674804688 44.5769360351563 43.6122045898438 42.6474731445313 41.2446248372396 39.8417765299479 38.4389282226563 36.9873209635417 35.3894368489584 33.791552734375 32.1936686197917 31.6394246419271 32.1288208007813 32.6182169596354 33.1076131184896 33.5084704589844 33.8798148600261 34.2511592610677 34.6225036621094 35.4103145345052 36.1981254069011 36.9859362792969 37.9161299641927 39.2734720865886 40.6308142089844 41.9881563313802 41.4968493652344 39.1568933105469 36.8169372558594 34.4769812011719 33.0890319824219 32.0184183756511 30.9478047688802 29.8771911621094 29.9347106933594 29.9922302246094 30.0497497558594 -9999 -9999 -9999 -9999 -9999 -9999 -9999 -9999 -9999 -9999 -9999 -9999 -9999 -9999
42.0234639485677 42.8118265787761 43.6001892089844 44.2584838867188 44.5265747070313 44.7946655273438 45.0627563476563 45.1666625976563 45.1063842773438 45.0461059570313 44.9858276367188 43.8968872070313 42.4650594075521 41.0332316080729 39.6014038085938 38.3299519856771 37.0585001627604 35.7870483398438 34.5964233398438 33.6482788085938 32.7001342773438 31.7519897460938 31.9890299479167 33.4112548828125 34.8334798177084 36.2557047526042 36.6543029785156 36.7116923014323 36.769081624349 36.8264709472656 35.8756815592448 34.924892171224 33.9741027832032 33.9838073730469 36.8749938964844 39.7661804199219 42.6573669433594 42.9980244954427 40.7881530761719 38.5782816569011 36.3684102376302 34.4556335449219 32.6418884277344 30.8281433105469 29.0143981933594 29.0143981933594 -9999 -9999 -9999 -9999 -9999 -9999 -9999 -9999 -9999 -9999 -9999 -9999 -9999 -9999 -9999 -9999
41.3415897623698 41.6444283040365 41.9472668457031 42.179658203125 42.2007080078125 42.2217578125 42.2428076171875 42.0155794270834 41.5400732421875 41.0645670572917 40.5890608723959 40.1115625 39.6334000651042 39.1552376302084 38.6770751953125 37.7946077473959 36.9121402994792 36.0296728515625 35.1450472005208 34.2539469401042 33.3628466796875 32.4717464192709 32.5025561523438 33.4552758789063 34.4079956054688 35.3607153320313 36.6144177246094 37.9684476725261 39.3224776204427 40.6765075683594 38.6327591959636 36.5890108235677 34.5452624511719 33.5049287923177 35.4748392740886 37.4447497558594 39.4146602376302 39.4909541829427 37.6736315917969 35.8563090006511 34.0389864095052 32.6706042480469 31.4518688964844 30.2331335449219 29.0143981933594 29.0143981933594 -9999 -9999 -9999 -9999 -9999 -9999 -9999 -9999 -9999 -9999 -9999 -9999 -9999 -9999 -9999 -9999
40.6597155761719 40.4770300292969 40.2943444824219 40.1008325195313 39.8748413085938 39.6488500976563 39.4228588867188 38.8644962565104 37.9737622070313 37.0830281575521 36.1922941080729 36.3262377929688 36.8017407226563 37.2772436523438 37.7527465820313 37.2592635091146 36.7657804361979 36.2722973632813 35.6936710611979 34.8596150716146 34.0255590820313 33.1915030924479 33.0160823567709 33.499296875 33.9825113932292 34.4657259114583 36.5745324707031 39.2252030436198 41.8758736165365 44.5265441894531 41.3898368326823 38.2531294759115 35.1164221191407 33.0260502115886 34.0746846516927 35.1233190917969 36.1719535319011 35.9838838704427 34.5591101074219 33.1343363444011 31.7095625813802 30.8855749511719 30.2618493652344 29.6381237792969 -9999 -9999 -9999 -9999 -9999 -9999 -9999 -9999 -9999 -9999 -9999 -9999 -9999 -9999 -9999 -9999 -9999 -9999
40.1959562174479 39.8127010091146 39.4294458007813 39.0655582682292 38.7597737630209 38.4539892578125 38.1482047526042 37.50603515625 36.52748046875 35.54892578125 34.57037109375 35.0192517089844 35.9439440917969 36.8686364746094 37.7933288574219 37.4290677897136 37.0648067220052 36.7005456542969 36.187421468099 35.2277079264323 34.2679943847656 33.308280843099 33.0296561686198 33.4321203613281 33.8345845540365 34.2370487467448 36.0988195800781 38.4470259602865 40.7952323404948 43.1434387207031 40.383515218099 37.6235917154948 34.8636682128906 32.9365543619792 33.5078694661459 34.0791845703125 34.6504996744792 34.3221468098959 33.0941259765625 31.8661051432292 30.6380843098959 30.3590850830078 30.3964263916016 30.4337677001953 -9999 -9999 -9999 -9999 -9999 -9999 -9999 -9999 -9999 -9999 -9999 -9999 -9999 -9999 -9999 -9999 -9999 -9999
39.9503116861979 39.6514412434896 39.3525708007813 39.0738354492188 38.8555053710938 38.6371752929688 38.4188452148438 37.9401961263021 37.2012280273438 36.4622599283854 35.7232918294271 36.1906042480469 37.0600101725261 37.9294160970052 38.7988220214844 38.3040205891927 37.8092191569011 37.3144177246094 36.626298421224 35.3582255045573 34.0901525878906 32.822079671224 32.5432775878906 33.2537463378906 33.9642150878907 34.6746838378906 35.1872790527344 35.6339164225261 36.0805537923177 36.5271911621094 35.6137943522136 34.7003975423177 33.7870007324219 33.2364412434896 33.7743937174479 34.3123461914063 34.8502986653646 34.5057430013021 33.2786791992188 32.0516153971354 30.8245515950521 30.5084503173828 30.4960032145183 30.4835561116537 -9999 -9999 -9999 -9999 -9999 -9999 -9999 -9999 -9999 -9999 -9999 -9999 -9999 -9999 -9999 -9999 -9999 -9999
39.7046671549479 39.4901814778646 39.2756958007813 39.0821126302084 38.9512369791667 38.820361328125 38.6894856770834 38.3743570963542 37.8749755859375 37.3755940755209 36.8762125651042 37.3619567871094 38.1760762532552 38.9901957194011 39.8043151855469 39.1789733886719 38.5536315917969 37.9282897949219 37.065175374349 35.4887430826823 33.9123107910156 32.335878499349 32.0568990071615 33.0753723144531 34.0938456217448 35.1123189290365 34.2757385253907 32.8208068847656 31.3658752441406 29.9109436035156 30.8440734863281 31.7772033691406 32.7103332519531 33.536328125 34.04091796875 34.5455078125 35.05009765625 34.6893391927084 33.463232421875 32.2371256510417 31.0110188802084 30.7044921875 30.7044921875 -9999 -9999 -9999 -9999 -9999 -9999 -9999 -9999 -9999 -9999 -9999 -9999 -9999 -9999 -9999 -9999 -9999 -9999 -9999
39.7751293945313 39.5709497070313 39.3667700195313 39.1855574544271 39.0732462565104 38.9609350585938 38.8486238606771 38.7003165690104 38.5160131835938 38.3317097981771 38.1474064127604 38.3071032714844 38.5814668782552 38.8558304850261 39.1301940917969 38.5361869303386 37.9421797688802 37.3481726074219 36.6500850423177 35.6397562662761 34.6294274902344 33.6190987141927 32.9765710449219 32.7018444824219 32.4271179199219 32.1523913574219 31.3464733886719 30.3634916178386 29.3805098470052 28.3975280761719 29.1984346516927 29.9993412272136 30.8002478027344 31.6267862955729 32.5302205403646 33.4336547851563 34.3370890299479 34.2442309570313 33.1550805664063 32.0659301757813 30.9767797851563 30.7044921875 30.7044921875 -9999 -9999 -9999 -9999 -9999 -9999 -9999 -9999 -9999 -9999 -9999 -9999 -9999 -9999 -9999 -9999 -9999 -9999 -9999
39.8455916341146 39.6517179361979 39.4578442382813 39.2890022786459 39.1952555338542 39.1015087890625 39.0077620442709 39.0262760416667 39.15705078125 39.2878255208334 39.4186002604167 39.2522497558594 38.9868575032552 38.7214652506511 38.4560729980469 37.8934004720052 37.3307279459636 36.7680554199219 36.2349947102865 35.7907694498698 35.3465441894531 34.9023189290365 33.8962430826823 32.3283166503906 30.760390218099 29.1924637858073 28.4172082519531 27.9061763509115 27.3951444498698 26.8841125488281 27.5527958170573 28.2214790852865 28.8901623535156 29.7172444661459 31.0195231119792 32.3218017578125 33.6240804036459 33.7991227213542 32.8469287109375 31.8947347005209 30.9425406901042 -9999 -9999 -9999 -9999 -9999 -9999 -9999 -9999 -9999 -9999 -9999 -9999 -9999 -9999 -9999 -9999 -9999 -9999 -9999 -9999 -9999
39.6305782063802 39.5109672037761 39.3913562011719 39.2711254882813 39.1490356445313 39.0269458007813 38.9048559570313 38.9751057942709 39.2376953125 39.5002848307292 39.7628743489584 39.3928930664063 38.8120548502604 38.2312166341146 37.6503784179688 37.1249747721354 36.5995711263021 36.0741674804688 35.6312459309896 35.4357706705729 35.2402954101563 35.0448201497396 33.8576131184896 31.6786743164063 29.4997355143229 27.3207967122396 26.6229626464844 26.4188301595052 26.2146976725261 26.0105651855469 26.9191752115886 27.8277852376302 28.7363952636719 29.7245576985677 30.9513773600261 32.1781970214844 33.4050166829427 34.0184265136719 34.0184265136719 -9999 -9999 -9999 -9999 -9999 -9999 -9999 -9999 -9999 -9999 -9999 -9999 -9999 -9999 -9999 -9999 -9999 -9999 -9999 -9999 -9999 -9999 -9999
39.1300891113281 39.1486975097656 39.1673059082031 39.1319270833334 38.9345865885417 38.73724609375 38.5399055989584 38.5468058268229 38.7579467773438 38.9690877278646 39.1802286783854 38.729033203125 38.0570589192709 37.3850846354167 36.7131103515625 36.2309098307292 35.7487093098959 35.2665087890625 34.8388387044271 34.5747599283854 34.3106811523438 34.0466023763021 32.8606811523438 30.7529174804688 28.6451538085938 26.5373901367188 25.9637365722656 25.9014530436198 25.839169514974 25.7768859863281 27.2975728352865 28.8182596842448 30.3389465332031 31.6487259928386 32.3257832845052 33.0028405761719 33.6798978678386 -9999 -9999 -9999 -9999 -9999 -9999 -9999 -9999 -9999 -9999 -9999 -9999 -9999 -9999 -9999 -9999 -9999 -9999 -9999 -9999 -9999 -9999 -9999 -9999 -9999
38.6296000162761 38.7864278157552 38.9432556152344 38.9927286783854 38.7201375325521 38.4475463867188 38.1749552408854 38.118505859375 38.2781982421875 38.437890625 38.5975830078125 38.0651733398438 37.3020629882813 36.5389526367188 35.7758422851563 35.3368448893229 34.8978474934896 34.4588500976563 34.0464314778646 33.7137491861979 33.3810668945313 33.0483846028646 31.8637491861979 29.8271606445313 27.7905721028646 25.7539835611979 25.3045104980469 25.3840759277344 25.4636413574219 25.5432067871094 27.6759704589844 29.8087341308594 31.9414978027344 33.6230926513672 33.9511810302735 34.2792694091797 34.607357788086 -9999 -9999 -9999 -9999 -9999 -9999 -9999 -9999 -9999 -9999 -9999 -9999 -9999 -9999 -9999 -9999 -9999 -9999 -9999 -9999 -9999 -9999 -9999 -9999 -9999
38.6296000162761 38.7864278157552 38.9432556152344 38.9384122721354 38.4485555013021 37.9586987304688 37.4688419596354 37.3008902994792 37.45484375 37.6087972005209 37.7627506510417 37.4602905273438 37.0056925455729 36.5510945638021 36.0964965820313 35.3484366861979 34.6003767903646 33.8523168945313 33.2225170898438 32.9474975585938 32.6724780273438 32.3974584960938 31.5655997721354 30.1769018554688 28.7882039388021 27.3995060221354 26.7221838378906 26.2819868977865 25.8417899576823 25.4015930175782 27.8345910644532 30.2675891113281 32.7005871582031 34.5417401123047 34.607357788086 34.6729754638672 34.7385931396485 -9999 -9999 -9999 -9999 -9999 -9999 -9999 -9999 -9999 -9999 -9999 -9999 -9999 -9999 -9999 -9999 -9999 -9999 -9999 -9999 -9999 -9999 -9999 -9999 -9999
38.6296000162761 38.7864278157552 38.9432556152344 38.8840958658854 38.1769734700521 37.4698510742188 36.7627286783854 36.4832747395834 36.6314892578125 36.7797037760417 36.9279182942709 36.8554077148438 36.7093221028646 36.5632364908854 36.4171508789063 35.3600284830729 34.3029060872396 33.2457836914063 32.3986027018229 32.1812459309896 31.9638891601563 31.7465323893229 31.2674503580729 30.5266430664063 29.7858357747396 29.0450284830729 28.1398571777344 27.1798978678386 26.2199385579427 25.2599792480469 27.9932116699219 30.7264440917969 33.4596765136719 35.4603875732422 35.2635345458985 35.0666815185547 34.869828491211 -9999 -9999 -9999 -9999 -9999 -9999 -9999 -9999 -9999 31.5080810546875 31.5080810546875 31.5080810546875 31.5080810546875 -9999 -9999 -9999 -9999 -9999 -9999 -9999 -9999 -9999 -9999 -9999 -9999
-9999 -9999 -9999 -9999 -9999 36.0017944335938 36.0017944335938 36.0743098958334 36.2193408203125 36.3643717447917 36.5094026692709 36.5044921875 36.4496012369792 36.3947102864584 36.3398193359375 35.2818001302084 34.2237809244792 33.16576171875 32.2942838541667 31.9824300130209 31.670576171875 31.3587223307292 31.0481599934896 30.7388891601563 30.4296183268229 30.1203474934896 29.1403698730469 27.9368233235677 26.7332767740886 25.5297302246094 28.2739147949219 31.0180993652344 33.7622839355469 35.449442952474 33.9655253092448 32.4816076660156 30.9976900227865 -9999 -9999 -9999 -9999 -9999 -9999 -9999 28.9795471191406 29.3841125488281 29.7886779785156 30.1932434082031 30.3955261230469 29.9909606933594 29.5863952636719 29.1818298339844 -9999 -9999 -9999 -9999 -9999 -9999 -9999 -9999 -9999 -9999
-9999 -9999 -9999 -9999 -9999 -9999 -9999 36.0739957682292 36.2183984375 36.3628011067709 36.5072037760417 36.4075439453125 36.2265299479167 36.0455159505209 35.864501953125 35.1137516276042 34.3630013020834 33.6122509765625 32.909560546875 32.3510498046875 31.7925390625 31.2340283203125 30.9077286783854 30.8136401367188 30.7195515950521 30.6254630533854 29.7237219238281 28.552763264974 27.3818046061198 26.2108459472656 28.6767004394531 31.1425549316406 33.6084094238281 35.110995686849 33.7237772623698 32.3365588378906 30.9493404134115 30.2557312011719 30.2557312011719 -9999 -9999 -9999 -9999 -9999 28.9795471191406 28.8446919759115 28.7098368326823 28.5749816894531 28.5075541178386 28.6424092610677 28.7772644042969 28.9121195475261 -9999 -9999 -9999 -9999 -9999 -9999 -9999 -9999 -9999 -9999
28.8166544596354 28.1611775716146 27.5057006835938 -9999 -9999 -9999 -9999 36.2997375488281 36.3739562988281 36.4481750488281 36.5223937988281 36.310595703125 36.0034586588542 35.6963216145834 35.3891845703125 34.945703125 34.5022216796875 34.058740234375 33.5248372395834 32.7196695963542 31.914501953125 31.1093343098959 30.7672973632813 30.8883911132813 31.0094848632813 31.1305786132813 30.3070739746094 29.1687032063802 28.0303324381511 26.8919616699219 29.0794860839844 31.2670104980469 33.4545349121094 34.772548421224 33.4820292154948 32.1915100097657 30.9009908040365 30.4217590332031 30.7538146972656 31.0858703613281 31.4179260253906 -9999 -9999 -9999 33.4118133544922 31.555599975586 29.6993865966797 27.8431732177735 26.402382405599 26.2078592936198 26.0133361816406 25.8188130696615 -9999 -9999 -9999 -9999 -9999 -9999 -9999 -9999 -9999 -9999
28.8166544596354 28.1611775716146 27.5057006835938 -9999 -9999 -9999 -9999 36.2700500488281 36.2848937988282 36.2997375488281 36.3145812988281 36.2167358398438 36.0813273111979 35.9459187825521 35.8105102539063 35.2832950846354 34.7560799153646 34.2288647460938 33.6636751302084 32.9845621744792 32.30544921875 31.6263362630209 31.1217130533854 30.7915795898438 30.4614461263021 30.1313126627604 30.6364538574219 31.4200199381511 32.2035860188802 32.9871520996094 33.1691784667969 33.3512048339844 33.5332312011719 33.5085607910156 32.8638000488281 32.2190393066406 31.5742785644531 31.2851037597656 31.3515148925781 31.4179260253906 31.4843371582031 -9999 -9999 -9999 33.4118133544922 33.040570678711 32.6693280029297 32.2980853271485 31.5997798665365 29.9202860514323 28.2407922363281 26.561298421224 -9999 -9999 -9999 -9999 -9999 -9999 -9999 -9999 -9999 -9999
28.8166544596354 28.1611775716146 27.5057006835938 27.0140930175781 27.0140930175781 -9999 -9999 36.2403625488282 36.1958312988281 36.1513000488281 36.1067687988281 36.1228759765625 36.1591959635417 36.1955159505208 36.2318359375 35.6208870442709 35.0099381510417 34.3989892578125 33.8025130208334 33.2494547526042 32.696396484375 32.1433382161459 31.4761287434896 30.6947680664063 29.9134073893229 29.1320467122396 30.9658337402344 33.6713366699219 36.3768395996094 39.0823425292969 37.2588708496094 35.4353991699219 33.6119274902344 32.2445731608073 32.2455708821615 32.2465686035156 32.2475663248698 32.1484484863281 31.9492150878906 31.7499816894532 31.5507482910157 -9999 -9999 -9999 33.4118133544922 34.525541381836 35.6392694091797 36.7529974365235 36.797177327474 33.6327128092448 30.4682482910156 27.3037837727865 25.7215515136719 25.7215515136719 -9999 -9999 -9999 -9999 -9999 -9999 -9999 -9999
28.8166544596354 28.1611775716146 27.5057006835938 27.0140930175781 27.0140930175781 -9999 -9999 31.4798791503906 32.2632580566407 33.0466369628907 33.8300158691407 34.1769189453125 34.378330078125 34.5797412109375 34.78115234375 34.5935481770834 34.4059440104167 34.21833984375 33.9848128255209 33.6135172526042 33.2422216796875 32.8709261067709 32.2122078450521 31.2660668945313 30.3199259440104 29.3737849934896 31.2681616210938 34.1093774414063 36.9505932617188 39.7918090820313 37.6813208007813 35.5708325195313 33.4603442382813 31.9353894042969 32.1670349121094 32.3986804199219 32.6303259277344 32.7461486816406 32.7461486816406 -9999 -9999 -9999 -9999 -9999 34.1321350097656 35.1306115722657 36.1290881347657 37.1275646972656 37.2536116536459 34.7623697916667 32.2711279296875 29.7798860677084 29.0968078613281 30.2218933105469 31.3469787597656 32.4720642089844 -9999 -9999 -9999 -9999 -9999 -9999
28.8166544596354 28.1611775716146 27.5057006835938 -9999 -9999 -9999 -9999 30.957626546224 30.6965002441407 30.4353739420573 30.174247639974 30.3788647460938 30.7387296549479 31.0985945638021 31.4584594726563 32.2012784830729 32.9440974934896 33.6869165039063 34.2105745442709 34.0767496744792 33.9429248046875 33.8090999348959 33.3299503580729 32.5054760742188 31.6810017903646 30.8565275065104 31.5434375 32.7341422526042 33.9248470052084 35.1155517578125 34.4365283203125 33.7575048828125 33.0784814453125 32.5810095214844 32.6281921386719 32.6753747558594 32.7225573730469 -9999 -9999 -9999 -9999 -9999 -9999 -9999 34.1321350097656 33.7993094889323 33.466483968099 33.1336584472656 32.9690828450521 33.3092569986979 33.6494311523438 33.9896053059896 33.9721781412761 33.5971496582032 33.2221211751302 32.8470926920573 -9999 -9999 -9999 -9999 -9999 -9999
-9999 -9999 -9999 -9999 -9999 -9999 -9999 -9999 -9999 26.1920715332031 26.1920715332031 26.580810546875 27.0991292317709 27.6174479166667 28.1357666015625 29.8090087890625 31.4822509765625 33.1554931640625 34.4363362630208 34.5399820963542 34.6436279296875 34.7472737630209 34.4476928710938 33.7448852539063 33.0420776367188 32.3392700195313 31.8187133789063 31.3589070638021 30.8991007486979 30.4392944335938 31.1917358398438 31.9441772460938 32.6966186523438 33.2609497070313 33.2609497070313 -9999 -9999 -9999 -9999 -9999 -9999 -9999 -9999 -9999 -9999 -9999 27.8916564941406 27.8916564941406 28.6845540364584 31.8561442057292 35.027734375 38.1993245442709 39.7851196289063 39.7851196289063 -9999 -9999 -9999 -9999 -9999 -9999 -9999 -9999
-9999 -9999 -9999 -9999 -9999 -9999 -9999 -9999 -9999 26.1920715332031 26.1920715332031 26.580810546875 27.0991292317709 27.6174479166667 28.1357666015625 28.5370719401042 28.9383772786459 29.3396826171875 29.7274039713542 30.0743733723959 30.4213427734375 30.7683121744792 31.1046997070313 31.4305053710938 31.7563110351563 32.0821166992188 31.8187133789063 31.3589070638021 30.8991007486979 30.4392944335938 31.1917358398438 31.9441772460938 32.6966186523438 33.2609497070313 33.2609497070313 -9999 -9999 -9999 -9999 -9999 -9999 -9999 -9999 -9999 -9999 -9999 27.8916564941406 27.8916564941406 28.6845540364584 31.8561442057292 35.027734375 38.1993245442709 39.7851196289063 39.7851196289063 -9999 -9999 -9999 -9999 -9999 -9999 -9999 -9999
