data/climate/maas/max_precip.asc
NCOLS 360 
NROWS 180 
XLLCORNER -180 
YLLCORNER -90 
CELLSIZE 1 
NODATA_value -9999 
[rows 56 to 83 of 180, columns 248 to 309 of 360]
2.25059195514768 2.36242954339832 2.47426713164896 2.55124160600826 2.52362673869357 2.49601187137887 2.46839700406417 2.48000758280978 2.53084360761568 2.58167963242158 2.63251565722749 2.70233039371669 2.77847136743367 2.85461234115064 2.93075331486762 3.00767672248185 3.08460013009608 3.16152353771031 3.25039741862565 3.37512271944433 3.49984802026302 3.6245733210817 3.68516053352505 3.68160965759307 3.67805878166109 3.67450790572912 3.77334071556106 3.90630142064765 4.03926212573424 4.17222283082083 4.78172477195039 5.39122671307996 6.00072865420952 6.33646115474403 5.85088533349335 5.36530951224267 4.879733690992 4.45619512628764 4.0946938181296 3.73319250997156 3.37169120181352 3.30709769530222 3.3414734560065 3.37584921671078 -9999 -9999 -9999 -9999 -9999 -9999 -9999 -9999 -9999 -9999 -9999 -9999 -9999 -9999 -9999 -9999 -9999 -9999
2.13497314369306 2.32641396811232 2.51785479253158 2.6429602294229 2.56905950373039 2.49515877803788 2.42125805234537 2.40895874099806 2.45826084399596 2.50756294699386 2.55686504999176 2.72734011523426 2.93820616789162 3.14907222054899 3.35993827320635 3.45011933706701 3.54030040092766 3.63048146478832 3.72113660909235 3.81321399472654 3.90529138036072 3.99736876599491 3.98247085511684 3.86059764772654 3.73872444033623 3.61685123294592 3.57880621450022 3.56870392570272 3.55860163690522 3.54849934810773 4.55235655652359 5.55621376493946 6.56007097335532 7.14042160660028 6.45025251433253 5.76008342206478 5.06991432979703 4.46360974106938 3.94116965588182 3.41872957069427 2.89628948550671 3.12666297191754 3.60797431552783 4.08928565913811 -9999 -9999 -9999 -9999 -9999 -9999 -9999 -9999 -9999 -9999 -9999 -9999 -9999 -9999 -9999 -9999 -9999 -9999
1.95593472383916 2.17386162467301 2.39178852550685 2.56916045537218 2.62486747233197 2.68057448929176 2.73628150625154 2.78650198085234 2.83123591309413 2.87596984533593 2.92070377757773 3.06153091974556 3.23438913188875 3.40724734403193 3.58010555617511 3.70950054936111 3.83889554254711 3.9682905357331 4.1030592340976 4.25394904799759 4.40483886189759 4.55572867579758 4.62764097936451 4.62057577259839 4.61351056583226 4.60644535906613 4.67534032417461 4.76955534657463 4.86377036897466 4.95798539137468 5.22304807556793 5.48811075976118 5.75317344395444 5.87835493404418 5.5838928418234 5.28943074960262 4.99496865738183 4.85018773376942 4.85508797876537 4.85998822376132 4.86488846875727 4.80701022455469 4.72820581728593 4.64940141001716 -9999 -9999 -9999 -9999 -9999 -9999 -9999 -9999 -9999 -9999 -9999 -9999 -9999 -9999 -9999 -9999 -9999 -9999
1.77689630398527 2.0213092812337 2.26572225848213 2.49536068132147 2.68067544093356 2.86599020054564 3.05130496015772 3.16404522070661 3.20421098219231 3.244376743678 3.2845425051637 3.39572172425687 3.53057209588587 3.66542246751487 3.80027283914387 3.96888176165521 4.13749068416655 4.30609960667789 4.48498185910285 4.69468410126865 4.90438634343445 5.11408858560026 5.27281110361218 5.38055389747024 5.48829669132829 5.59603948518634 5.77187443384901 5.97040676744655 6.16893910104409 6.36747143464163 5.89373959461227 5.42000775458291 4.94627591455355 4.61628826148808 4.71753316931427 4.81877807714045 4.92002298496664 5.23676572646946 5.76900630164891 6.30124687682837 6.83348745200783 6.48735747719184 5.84843731904402 5.20951716089621 4.5705970027484 4.5705970027484 -9999 -9999 -9999 -9999 -9999 -9999 -9999 -9999 -9999 -9999 -9999 -9999 -9999 -9999 -9999 -9999
1.90128424577415 2.18688599579036 2.47248774580657 2.75284692132846 3.01747837336734 3.28210982540622 3.54674127744511 3.69903058419004 3.73897774564102 3.77892490709201 3.81887206854299 3.96044914796948 4.13590286672115 4.31135658547282 4.48681030422449 4.73924244940281 4.99167459458113 5.24410673975945 5.48069841228426 5.66976866684854 5.85883892141283 6.04790917597711 6.11230644956231 6.05203074216843 5.99175503477454 5.93147932738066 6.12624417990446 6.40602255240083 6.68580092489719 6.96557929739356 6.2568010725081 5.54802284762263 4.83924462273717 4.34361718967557 4.48744213208556 4.63126707449555 4.77509201690555 5.1759160766378 5.83373925369233 6.49156243074685 7.14938560780138 6.93745470140129 6.43560576718301 5.93375683296472 5.43190789874643 5.77643225714564 6.12095661554486 6.46548097394407 -9999 -9999 -9999 -9999 -9999 -9999 -9999 -9999 -9999 -9999 -9999 -9999 -9999 -9999
2.32909854920581 2.670591768343 3.01208498748019 3.34161917539313 3.63527626963332 3.92893336387351 4.2225904581137 4.39145807130262 4.43553620344028 4.47961433557793 4.52369246771559 4.7557131908834 5.05038144439459 5.34504969790578 5.63971795141697 6.0205826126039 6.40144727379084 6.78231193497777 7.09020889364183 7.17920274473727 7.26819659583271 7.35719044692814 7.14612701721489 6.63500630669296 6.12388559617102 5.61276488564909 5.73844956234097 6.07640270143747 6.41435584053397 6.75230897963047 6.31223250925541 5.87215603888035 5.43207956850529 5.06034171860665 4.89361973013729 4.72689774166793 4.56017575319856 4.66763878427446 5.04928683489561 5.43093488551676 5.81258293613791 6.15730189718306 6.48971116170287 6.82212042622268 7.15452969074249 7.03968823794276 6.92484678514302 6.81000533234328 -9999 -9999 -9999 -9999 -9999 -9999 -9999 -9999 -9999 -9999 -9999 -9999 -9999 -9999
2.75691285263747 3.15429754089564 3.55168222915381 3.93039142945781 4.25307416589931 4.5757569023408 4.89843963878229 5.0838855584152 5.13209466123953 5.18030376406386 5.2285128668882 5.55097723379731 5.96486002206802 6.37874281033874 6.79262559860945 7.301922775805 7.81121995300055 8.32051713019609 8.6997193749994 8.68863682262599 8.67755427025259 8.66647171787918 8.17994758486748 7.21798187121749 6.2560161575675 5.29405044391751 5.35065494477749 5.74678285047412 6.14291075617075 6.53903866186738 6.36766394600272 6.19628923013806 6.02491451427341 5.77706624753773 5.29979732818902 4.8225284088403 4.34525948949158 4.15936149191111 4.26483441609889 4.37030734028667 4.47578026447445 5.37714909296483 6.54381655622274 7.71048401948065 8.87715148273855 8.87715148273855 -9999 -9999 -9999 -9999 -9999 -9999 -9999 -9999 -9999 -9999 -9999 -9999 -9999 -9999 -9999 -9999
3.65963327977806 4.25899360422045 4.85835392866284 5.43898482760414 5.96342745004222 6.48787007248029 7.01231269491836 7.37456899462268 7.57463897159323 7.77470894856378 7.97477892553434 7.85805358551443 7.63572980649769 7.41340602748096 7.19108224846423 7.99528770335019 8.79949315823615 9.60369861312211 10.1304498463869 9.82483841478825 9.51922698318958 9.21361555159092 8.72302767075598 8.04746334068477 7.37189901061356 6.69633468054235 6.28372597508132 5.95876914449036 5.6338123138994 5.30885548330843 5.53626409359276 5.76367270387709 5.99108131416142 6.06527463532984 5.67982208915055 5.29436954297125 4.90891699679196 4.85648308787495 5.13706781622022 5.4176525445655 5.69823727291077 6.39013706054538 7.21914186794311 8.04814667534083 8.87715148273855 8.87715148273855 -9999 -9999 -9999 -9999 -9999 -9999 -9999 -9999 -9999 -9999 -9999 -9999 -9999 -9999 -9999 -9999
4.56235370691866 5.36368966754526 6.16502562817186 6.94757822575048 7.67378073418513 8.39998324261978 9.12618575105444 9.66525243083015 10.0171832819469 10.3691141330637 10.7210449841805 10.1651299372315 9.30659959092736 8.44806924462318 7.58953889831901 8.68865263089538 9.78776636347175 10.8868800960481 11.5611803177744 10.9610400069505 10.3608996961266 9.76075938530266 9.26610775664449 8.87694481015205 8.48778186365962 8.09861891716719 7.21679700538516 6.1707554385066 5.12471387162805 4.07867230474949 4.7048642411828 5.33105617761612 5.95724811404943 6.35348302312195 6.05984685011208 5.76621067710221 5.47257450409234 5.55360468383878 6.00930121634156 6.46499774884433 6.9206942813471 7.40312502812594 7.89446717966348 8.38580933120102 -9999 -9999 -9999 -9999 -9999 -9999 -9999 -9999 -9999 -9999 -9999 -9999 -9999 -9999 -9999 -9999 -9999 -9999
5.10066490480676 5.99944660859182 6.89822831237689 7.78415601141751 8.63152169622481 9.47888738103211 10.3262530658394 10.9641380254179 11.3925422597677 11.8209464941174 12.2493507284671 11.5324730789289 10.433834801428 9.33519652392715 8.23655824642628 9.51245091017336 10.7883435739204 12.0642362376675 12.8960374239832 12.3955641780049 11.8950909320265 11.3946176860482 10.7276456533 9.89417483378202 9.06070401426405 8.22723319474608 7.30393352732062 6.35069091059268 5.39744829386473 4.44420567713678 4.8726048655808 5.30100405402482 5.72940324246883 6.02831325028092 5.93875571619719 5.84919818211347 5.75964064802974 5.98675415664911 6.53053870797157 7.07432325929403 7.61810781061649 7.77994936471805 7.81447658641264 7.84900380810723 -9999 -9999 -9999 -9999 -9999 -9999 -9999 -9999 -9999 -9999 -9999 -9999 -9999 -9999 -9999 -9999 -9999 -9999
5.27456687344238 6.16626442736015 7.05796198127791 7.94871818460524 8.83665033616126 9.72458248771727 10.6125146392733 11.271225778386 11.7007159050554 12.1302060317248 12.5596961583942 11.9600830106065 11.0174354379997 10.0747878653929 9.13214029278606 10.4666825411841 11.8012247895822 13.1357670379803 14.1350211650133 14.1284109279513 14.1218006908894 14.1151904538274 13.1076413607225 11.0991534115747 9.09066546242684 7.08217751327902 6.54513554088771 6.49857556074858 6.45201558060944 6.4054556004703 6.03948596678674 5.67351633310318 5.30754669941962 5.08976531680673 5.31654868740588 5.54333205800503 5.77011542860419 6.15593150630593 6.70078029111028 7.24562907591462 7.79047786071897 7.9180582514964 7.90654917759821 7.89504010370001 -9999 -9999 -9999 -9999 -9999 -9999 -9999 -9999 -9999 -9999 -9999 -9999 -9999 -9999 -9999 -9999 -9999 -9999
5.448468842078 6.33308224612847 7.21769565017894 8.11328035779297 9.0417789760977 9.97027759440243 10.8987762127072 11.5783135313541 12.0088895503432 12.4394655693322 12.8700415883213 12.387692942284 11.6010360745713 10.8143792068586 10.0277223391458 11.4209141721949 12.814106005244 14.207297838293 15.3740049060434 15.8612576778978 16.3485104497522 16.8357632216066 15.487637068145 12.3041319893673 9.12062691058964 5.93712183181196 5.7863375544548 6.64646021090448 7.50658286735415 8.36670552380383 7.20636706799269 6.04602861218154 4.8856901563704 4.15121738333255 4.69434165861458 5.2374659338966 5.78059020917863 6.32510885596275 6.87102187424898 7.41693489253521 7.96284791082144 8.09932616539299 8.09932616539299 -9999 -9999 -9999 -9999 -9999 -9999 -9999 -9999 -9999 -9999 -9999 -9999 -9999 -9999 -9999 -9999 -9999 -9999 -9999
5.43840916687623 6.23020761134103 7.02200605580583 7.82548679038882 8.66401439532638 9.50254200026393 10.3410696052015 10.8435094803572 11.009861625731 11.1762137711048 11.3425659164786 11.2851461665705 11.1531357849017 11.0211254032329 10.8891150215641 11.8274387391284 12.7657624566928 13.7040861742571 14.4821176026016 14.7792721632868 15.076426723972 15.3735812846571 14.7483573155478 13.2007548166439 11.65315231774 10.1055498188362 9.33397607691586 8.82107858732343 8.30818109773099 7.79528360813856 6.94047843106091 6.08567325398326 5.23086807690561 4.73354195896536 5.30865301843733 5.88376407790929 6.45887513738126 6.92681673355401 7.28758886642754 7.64836099930108 8.00913313217461 8.09932616539299 8.09932616539299 -9999 -9999 -9999 -9999 -9999 -9999 -9999 -9999 -9999 -9999 -9999 -9999 -9999 -9999 -9999 -9999 -9999 -9999 -9999
5.42834949167445 6.12733297655359 6.82631646143273 7.53769322298467 8.28624981455505 9.03480640612543 9.7833629976958 10.1087054293603 10.0108337011188 9.91296197287738 9.81509024463594 10.1825993908569 10.705235495232 11.2278715996072 11.7505077039823 12.2339633060619 12.7174189081416 13.2008745102212 13.5902302991599 13.6972866486758 13.8043429981917 13.9113993477076 14.0090775629506 14.0973776439205 14.1856777248904 14.2739778058603 12.8816145993769 10.9956969637424 9.10977932810783 7.22386169247329 6.67458979412913 6.12531789578497 5.57604599744081 5.31586653459817 5.92296437826008 6.53006222192198 7.13716006558388 7.52852461114526 7.7041558586061 7.87978710606694 8.05541835352778 -9999 -9999 -9999 -9999 -9999 -9999 -9999 -9999 -9999 -9999 -9999 -9999 -9999 -9999 -9999 -9999 -9999 -9999 -9999 -9999 -9999
6.02557474840432 6.59027399215847 7.15497323591262 7.7264131391421 8.31807502079755 8.90973690245301 9.50139878410846 9.67080150637776 9.4179450692609 9.16508863214403 8.91223219502717 9.49584921821952 10.3582907281816 11.2207322381437 12.0831737481058 12.205293584615 12.3274134211242 12.4495332576334 12.5755623299628 12.7133191097528 12.8510758895427 12.9888326693326 13.6831062119454 14.9338965173811 16.1846868228167 17.4354771282524 15.5630359333009 12.6495175715536 9.73599920980632 6.82248084805906 6.50498461537063 6.1874883826822 5.86999214999378 5.77560185361654 6.35052936617285 6.92545687872916 7.50038439128548 7.78784814756364 7.78784814756364 -9999 -9999 -9999 -9999 -9999 -9999 -9999 -9999 -9999 -9999 -9999 -9999 -9999 -9999 -9999 -9999 -9999 -9999 -9999 -9999 -9999 -9999 -9999
7.23008493706584 7.61903065815568 8.00797637924552 8.3916465388611 8.75949001405388 9.12733348924667 9.49517696443945 9.52979771140963 9.2311957301572 8.93259374890476 8.63399176765233 9.22489564865828 10.1123014837503 10.9997073188424 11.8871131539345 11.7414295747876 11.5957459956408 11.4500624164939 11.4381136950105 11.8273695465177 12.2166253980249 12.6058812495321 13.7704432625324 15.7103114370257 17.650179611519 19.5900477860123 17.3782400786877 13.7825404107571 10.1868407428265 6.59114107489586 6.4316628947854 6.27218471467495 6.1127065345645 6.11274791602045 6.59134798217565 7.06994804833084 7.54854811448604 -9999 -9999 -9999 -9999 -9999 -9999 -9999 -9999 -9999 -9999 -9999 -9999 -9999 -9999 -9999 -9999 -9999 -9999 -9999 -9999 -9999 -9999 -9999 -9999 -9999
8.43459512572736 8.64778732415289 8.86097952257842 9.0568799385801 9.20090500731021 9.34493007604033 9.48895514477044 9.3887939164415 9.0444463910535 8.7000988656655 8.35575134027749 8.95394207909703 9.86631223931909 10.7786823995411 11.6910525597632 11.2775655649602 10.8640785701573 10.4505915753543 10.3006650600582 10.9414199832827 11.5821749065071 12.2229298297316 13.8577803131193 16.4867263566703 19.1156724002212 21.7446184437722 19.1934442240745 14.9155632499605 10.6376822758466 6.35980130173266 6.35834117420018 6.3568810466677 6.35542091913521 6.37742741731927 6.46983379265293 6.5622401679866 6.65464654332027 -9999 -9999 -9999 -9999 -9999 -9999 -9999 -9999 -9999 -9999 -9999 -9999 -9999 -9999 -9999 -9999 -9999 -9999 -9999 -9999 -9999 -9999 -9999 -9999 -9999
8.43459512572736 8.64778732415289 8.86097952257842 9.08778413292021 9.35542597901076 9.62306782510132 9.89070967119187 9.82883721124381 9.43745044525713 9.04606367927045 8.65467691328377 8.91682459786534 9.39681709930301 9.87680960074067 10.3568021021783 10.4342750944197 10.5117480866611 10.5892210789025 10.7452951502055 11.1371724586934 11.5290497671813 11.9209270756692 13.1030182633549 15.0753233302385 17.047628397122 19.0199334640056 16.9266546182334 13.4781811349094 10.0297076515853 6.58123416826129 6.59465037658811 6.60806658491492 6.62148279324174 6.63616526825354 6.65464654332027 6.673127818387 6.69160909345374 -9999 -9999 -9999 -9999 -9999 -9999 -9999 -9999 -9999 -9999 -9999 -9999 -9999 -9999 -9999 -9999 -9999 -9999 -9999 -9999 -9999 -9999 -9999 -9999 -9999
8.43459512572736 8.64778732415289 8.86097952257842 9.11868832726032 9.50994695071131 9.9012055741623 10.2924641976133 10.2688805060461 9.83045449946076 9.3920284928754 8.95360248629004 8.87970711663365 8.92732195928693 8.9749368019402 9.02255164459348 9.59098462387919 10.1594176031649 10.7278505824506 11.1899252403527 11.3329249341041 11.4759246278554 11.6189243216068 12.3482562135905 13.6639203038067 14.9795843940228 16.295248484239 14.6598650123924 12.0407990198582 9.42173302732408 6.80266703478992 6.83095957897604 6.85925212316215 6.88754466734827 6.8949031191878 6.8394592939876 6.7840154687874 6.7285716435872 -9999 -9999 -9999 -9999 -9999 -9999 -9999 -9999 -9999 3.95489173242822 3.95489173242822 3.95489173242822 3.95489173242822 -9999 -9999 -9999 -9999 -9999 -9999 -9999 -9999 -9999 -9999 -9999 -9999
-9999 -9999 -9999 -9999 -9999 10.7198749668896 10.7198749668896 10.4311413355172 9.85367407277226 9.27620681002736 8.69873954728246 8.5096688400954 8.45006365142763 8.39045846275985 8.33085327409208 9.06735672242939 9.80386017076671 10.540363619104 11.1114762928337 11.1864166427404 11.2613569926471 11.3362973425537 11.7043277174234 12.3654481172562 13.0265685170889 13.6876889169216 12.5527496058494 10.8191237244755 9.08549784310162 7.35187196172774 7.15491096675396 6.95794997178018 6.7609889768064 6.89917766768485 8.04281541611999 9.18645316455513 10.3300909129903 -9999 -9999 -9999 -9999 -9999 -9999 -9999 5.28452251455747 5.07178158941679 4.85904066427611 4.64629973913543 4.53992927656509 4.75267020170577 4.96541112684645 5.17815205198713 -9999 -9999 -9999 -9999 -9999 -9999 -9999 -9999 -9999 -9999
-9999 -9999 -9999 -9999 -9999 -9999 -9999 10.315619699657 9.50710916519165 8.69859863072634 7.89008809626102 7.80670976825058 7.9650421757251 8.12337458319962 8.28170699067414 8.86339139007032 9.4450757894665 10.0267601888627 10.5099483076483 10.6976475846022 10.8853468615562 11.0730461385101 11.1712327748537 11.179906770587 11.1885807663202 11.1972547620535 10.6053083986044 9.81315524876118 9.02100209891796 8.22884894907475 7.56650453992188 6.90416013076901 6.24181572161615 6.08884757291526 7.46400820557028 8.83916883822531 10.2143294708803 10.9019097872078 10.9019097872078 -9999 -9999 -9999 -9999 -9999 5.28452251455747 5.35543615627103 5.42634979798459 5.49726343969814 5.53272026055492 5.46180661884136 5.39089297712781 5.31997933541425 -9999 -9999 -9999 -9999 -9999 -9999 -9999 -9999 -9999 -9999
12.7925324533135 10.2682160306722 7.74389960803092 -9999 -9999 -9999 -9999 6.79085827432573 6.80030132643878 6.80974437855184 6.8191874306649 7.10375069640577 7.48002070002258 7.85629070363939 8.2325607072562 8.65942605771124 9.08629140816629 9.51315675862134 9.90842032246292 10.2088785264641 10.5093367304653 10.8097949344665 10.638137832284 9.99436542391777 9.35059301555157 8.70682060718536 8.6578671913594 8.80718677304685 8.9565063547343 9.10582593642175 7.9780981130898 6.85037028975785 5.7226424664259 5.27851747814566 6.88520099502057 8.49188451189548 10.0985680287704 10.6374547909945 10.1085447985679 9.57963480614126 9.05072481371462 -9999 -9999 -9999 5.14521166915074 5.53692943649366 5.92864720383659 6.32036497117952 6.89233772456646 8.00507543608546 9.11781314760447 10.2305508591235 -9999 -9999 -9999 -9999 -9999 -9999 -9999 -9999 -9999 -9999
12.7925324533135 10.2682160306722 7.74389960803092 -9999 -9999 -9999 -9999 6.78708105348051 6.78896966390312 6.79085827432573 6.79274688474834 7.00220683962107 7.28085724264383 7.5595076456666 7.83815804868937 8.44386250153184 9.04956695437431 9.65527140721679 10.154823096469 10.3359164949507 10.5170098934323 10.6981032919139 10.7265995666385 10.6024987176061 10.4783978685737 10.3542970195413 9.60166211239994 8.63951585255563 7.67736959271133 6.71522333286703 7.05139211565256 7.3875608984381 7.72372968122363 8.06514450442046 8.42229744885117 8.77945039328188 9.13660333771259 9.26228881068528 9.15650681219995 9.05072481371462 8.9449428152293 -9999 -9999 -9999 5.14521166915074 5.22355522261932 5.30189877608791 5.38024232955649 5.79552797600627 7.22163990139961 8.64775182679296 10.0738637521863 -9999 -9999 -9999 -9999 -9999 -9999 -9999 -9999 -9999 -9999
12.7925324533135 10.2682160306722 7.74389960803092 5.85066229104996 5.85066229104996 -9999 -9999 6.78330383263528 6.77763800136745 6.77197217009962 6.76630633883178 6.90066298283637 7.08169378526509 7.26272458769381 7.44375539012253 8.22829894535244 9.01284250058234 9.79738605581224 10.4012258704752 10.4629544634372 10.5246830563992 10.5864116493613 10.815061300993 11.2106320112944 11.6062027215958 12.0017734318972 10.5454570334405 8.47184493206441 6.39823283068836 4.3246207293123 6.12468611821532 7.92475150711834 9.72481689602137 10.8517715306953 9.95939390268177 9.06701627466828 8.17463864665478 7.88712283037603 8.20446882583201 8.52181482128799 8.83916081674397 -9999 -9999 -9999 5.14521166915074 4.91018100874498 4.67515034833923 4.44011968793347 4.69871822744608 6.43820436671376 8.17769050598145 9.91717664524913 10.786919714883 10.786919714883 -9999 -9999 -9999 -9999 -9999 -9999 -9999 -9999
12.7925324533135 10.2682160306722 7.74389960803092 5.85066229104996 5.85066229104996 -9999 -9999 6.68083646195009 6.69299104297534 6.70514562400058 6.71730020502582 6.85712990071625 7.03951796796173 7.22190603520721 7.4042941024527 8.10568297561258 8.80707184877247 9.50846072193235 10.0516233528033 10.1201072568074 10.1885911608115 10.2570750648156 10.6300404360518 11.3074872745201 11.9849341129884 12.6623809514567 11.2734148632735 9.19564446620643 7.11787406913936 5.04010367207229 6.72151069901884 8.40291772596538 10.0843247529119 11.0513603445143 9.87528163008392 8.69920291565359 7.52312420122325 6.93508484400809 6.93508484400809 -9999 -9999 -9999 -9999 -9999 6.22271632310003 5.81528491806239 5.40785351302475 5.00042210798711 5.00122128473595 6.22671220684424 7.45220312895253 8.67769405106083 8.99114347156137 8.39255139045417 7.79395930934697 7.19536722823977 -9999 -9999 -9999 -9999 -9999 -9999
12.7925324533135 10.2682160306722 7.74389960803092 -9999 -9999 -9999 -9999 6.67273340793326 6.66868188092485 6.66463035391644 6.66057882690802 6.87160759326071 7.15432979073375 7.4370519882068 7.71977418567985 8.07601459231228 8.4322549989447 8.78849540557712 9.1060155434534 9.30737487506121 9.50873420666903 9.71009353827685 10.1715369718149 10.8930645072833 11.6145920427516 12.33611957822 11.785535601899 10.8109144549817 9.83629330806434 8.861672161147 8.8418658580631 8.82205955497921 8.80225325189531 8.66391094587743 8.16996063105762 7.67601031623781 7.18206000141799 -9999 -9999 -9999 -9999 -9999 -9999 -9999 6.22271632310003 6.35852679144591 6.49433725979179 6.63014772813767 6.70303714787588 6.58716342179105 6.47128969570622 6.35541596962139 6.39724445343018 6.59677514713258 6.79630584083498 6.99583653453737 -9999 -9999 -9999 -9999 -9999 -9999
-9999 -9999 -9999 -9999 -9999 -9999 -9999 -9999 -9999 6.5987930400297 6.5987930400297 6.88608528580517 7.26914161350578 7.6521979412064 8.03525426890701 8.04634620901197 8.05743814911693 8.06853008922189 8.1604077341035 8.49464249331504 8.82887725252658 9.16311201173812 9.71303350757807 10.4786417400464 11.2442499725148 12.0098582049832 12.2976563405246 12.4261844437569 12.5547125469893 12.6832406502217 10.9622210171074 9.24120138399303 7.52018175087869 6.22941702604294 6.22941702604294 -9999 -9999 -9999 -9999 -9999 -9999 -9999 -9999 -9999 -9999 -9999 8.76916260458529 8.76916260458529 8.4048530110158 6.94761463673785 5.4903762624599 4.03313788818195 3.30451870104298 3.30451870104298 -9999 -9999 -9999 -9999 -9999 -9999 -9999 -9999
-9999 -9999 -9999 -9999 -9999 -9999 -9999 -9999 -9999 6.5987930400297 6.5987930400297 6.88608528580517 7.26914161350578 7.6521979412064 8.03525426890701 8.20260661002249 8.36995895113796 8.53731129225343 8.69121406506747 8.80476813297719 8.91832220088691 9.03187626879662 9.50366756413132 10.333696086891 11.1637246096507 11.9937531324103 12.2976563405246 12.4261844437569 12.5547125469893 12.6832406502217 10.9622210171074 9.24120138399303 7.52018175087869 6.22941702604294 6.22941702604294 -9999 -9999 -9999 -9999 -9999 -9999 -9999 -9999 -9999 -9999 -9999 8.76916260458529 8.76916260458529 8.4048530110158 6.94761463673785 5.4903762624599 4.03313788818195 3.30451870104298 3.30451870104298 -9999 -9999 -9999 -9999 -9999 -9999 -9999 -9999
