data/climate/maas/max_temp.asc
NCOLS 360 
NROWS 180 
XLLCORNER -180 
YLLCORNER -90 
CELLSIZE 1 
NODATA_value -9999 
[rows 0 to 27 of 180, columns 248 to 309 of 360]
-9999 -9999 -9999 -9999 -9999 -9999 -9999 -9999 -9999 -9999 -9999 -9999 -9999 -9999 -9999 -9999 -9999 -9999 -9999 -9999 -9999 -9999 -9999 -9999 -9999 -9999 -9999 -9999 -9999 -9999 -9999 -9999 -9999 -9999 -9999 -9999 -9999 -9999 -9999 -9999 -9999 -9999 -9999 -9999 -9999 -9999 -9999 -9999 -9999 -9999 -9999 -9999 -9999 -9999 -9999 -9999 -9999 -9999 -9999 -9999 -9999 -9999
-9999 -9999 -9999 -9999 -9999 -9999 -9999 -9999 -9999 -9999 -9999 -9999 -9999 -9999 -9999 -9999 -9999 -9999 -9999 -9999 -9999 -9999 -9999 -9999 -9999 -9999 -9999 -9999 -9999 -9999 -9999 -9999 -9999 -9999 -9999 -9999 -9999 -9999 -9999 -9999 -9999 -9999 -9999 -9999 -9999 -9999 -9999 -9999 -9999 -9999 -9999 -9999 -9999 -9999 -9999 -9999 -9999 -9999 -9999 -9999 -9999 -9999
-9999 -9999 -9999 -9999 -9999 -9999 -9999 -9999 -9999 -9999 -9999 -9999 -9999 -9999 -9999 -9999 -9999 -9999 -9999 -9999 -9999 -9999 -9999 -9999 -9999 -9999 -9999 -9999 -9999 -9999 -9999 -9999 -9999 -9999 -9999 -9999 -9999 -9999 -9999 -9999 -9999 -9999 -9999 -9999 -9999 -9999 -9999 -9999 -9999 -9999 -9999 -9999 -9999 -9999 -9999 -9999 -9999 -9999 -9999 -9999 -9999 -9999
-9999 -9999 -9999 -9999 -9999 -9999 -9999 -9999 -9999 -9999 -9999 -9999 -9999 -9999 -9999 -9999 -9999 -9999 -9999 -9999 -9999 -9999 -9999 -9999 -9999 -9999 -9999 -9999 -9999 -9999 -9999 -9999 -9999 -9999 -9999 -9999 -9999 -9999 -9999 -9999 -9999 -9999 -9999 -9999 -9999 -9999 -9999 -9999 -9999 -9999 -9999 -9999 -9999 -9999 -9999 -9999 -9999 -9999 -9999 -9999 -9999 -9999
-9999 -9999 -9999 -9999 -9999 -9999 -9999 -9999 -9999 -9999 -9999 -9999 -9999 -9999 -9999 -9999 -9999 -9999 -9999 -9999 -9999 -9999 -9999 -9999 -9999 -9999 -9999 -9999 -9999 -9999 -9999 -9999 -9999 -9999 -9999 -9999 -9999 -9999 -9999 -9999 -9999 -9999 -9999 -9999 -9999 -9999 -9999 -9999 -9999 -9999 -9999 -9999 -9999 -9999 -9999 -9999 -9999 -9999 -9999 -9999 -9999 -9999
-9999 -9999 -9999 -9999 -9999 -9999 -9999 -9999 -9999 -9999 -9999 -9999 -9999 -9999 -9999 -9999 -9999 -9999 -9999 -9999 -9999 -9999 -9999 -9999 -9999 -9999 -9999 -9999 -9999 -9999 -9999 -9999 -9999 -9999 -9999 -9999 -9999 -9999 -9999 -9999 -9999 -9999 -9999 -9999 -9999 -9999 -9999 -9999 -9999 -9999 -9999 -9999 -9999 -9999 -9999 -9999 -9999 -9999 -9999 -9999 -9999 -9999
-9999 -9999 -9999 -9999 -9999 -9999 -9999 -9999 -9999 -9999 -9999 -9999 -9999 -9999 -9999 -9999 -9999 -9999 -9999 -9999 -9999 -9999 -9999 -9999 -9999 -9999 -9999 -9999 -9999 -9999 -9999 -9999 -9999 -9999 -9999 -9999 -9999 -9999 -9999 -9999 -9999 -9999 -9999 -9999 -9999 -9999 -9999 -9999 -9999 -9999 -9999 -9999 -9999 -9999 -9999 -9999 -9999 -9999 -9999 -9999 -9999 -9999
-9999 -9999 -9999 -9999 -9999 -9999 -9999 -9999 -9999 -9999 -9999 -9999 -9999 -9999 -9999 -9999 -9999 -9999 -9999 -9999 -9999 -9999 -9999 -9999 -9999 -9999 -9999 -9999 -9999 -9999 -9999 -9999 -9999 -9999 -9999 -9999 -9999 -9999 -9999 -9999 -9999 -9999 -9999 -9999 -9999 -9999 -9999 -9999 -9999 -9999 -9999 -9999 -9999 -9999 -9999 -9999 -9999 -9999 -9999 -9999 -9999 -9999
-9999 -9999 -9999 -9999 -9999 -9999 -9999 -9999 -9999 -9999 -9999 -9999 -9999 -9999 -9999 -9999 -9999 -9999 -9999 -9999 -9999 -9999 -9999 -9999 -9999 -9999 -9999 -9999 -9999 -9999 -9999 -9999 -9999 -9999 -9999 -9999 -9999 -9999 -9999 -9999 -9999 -9999 -9999 -9999 -9999 -9999 -9999 -9999 -9999 -9999 -9999 -9999 -9999 -9999 -9999 -9999 -9999 -9999 -9999 -9999 -9999 -9999
-9999 -9999 -9999 -9999 -9999 -9999 -9999 -9999 -9999 -9999 -9999 -9999 -9999 -9999 -9999 -9999 -9999 -9999 -9999 -9999 -9999 -9999 -9999 -9999 -9999 -9999 -9999 -9999 -9999 -9999 -9999 -9999 -9999 -9999 -9999 -9999 -9999 -9999 -9999 -9999 -9999 -9999 -9999 -9999 -9999 -9999 -9999 -9999 -9999 -9999 -9999 -9999 -9999 -9999 -9999 -9999 -9999 -9999 -9999 -9999 -9999 20.4027038574219
-9999 -9999 -9999 -9999 -9999 -9999 -9999 -9999 -9999 -9999 -9999 -9999 -9999 -9999 -9999 -9999 -9999 -9999 -9999 -9999 -9999 -9999 -9999 -9999 -9999 -9999 -9999 -9999 -9999 -9999 -9999 -9999 -9999 -9999 -9999 -9999 -9999 17.5860677083334 17.840673828125 18.0952799479167 18.3498860677084 18.4789794921875 18.5662353515625 18.6534912109375 18.7407470703125 18.9301106770834 19.1194742838542 19.308837890625 19.3941528320313 19.1673217773438 18.9404907226563 18.7136596679688 -9999 -9999 -9999 -9999 -9999 -9999 -9999 20.9196411132813 20.7146899414063 20.5097387695313
-9999 -9999 -9999 -9999 -9999 -9999 -9999 -9999 -9999 -9999 -9999 -9999 -9999 -9999 -9999 -9999 -9999 -9999 -9999 -9999 -9999 -9999 -9999 -9999 -9999 -9999 -9999 -9999 -9999 -9999 -9999 -9999 -9999 -9999 -9999 17.4587646484375 17.4587646484375 17.5860677083334 17.840673828125 18.0952799479167 18.3498860677084 18.4789794921875 18.5662353515625 18.6534912109375 18.7407470703125 18.9301106770834 19.1194742838542 19.308837890625 19.3941528320313 19.1673217773438 18.9404907226563 18.7136596679688 18.600244140625 18.600244140625 -9999 -9999 -9999 -9999 20.9196411132813 20.9196411132813 20.5804874674479 20.2413338216146
-9999 -9999 -9999 -9999 -9999 -9999 -9999 -9999 -9999 -9999 -9999 -9999 -9999 -9999 -9999 -9999 -9999 -9999 -9999 -9999 -9999 -9999 -9999 -9999 -9999 -9999 -9999 -9999 -9999 18.0342956542969 18.2802103678386 18.5261250813802 18.7720397949219 18.8566284179688 18.4572387695313 18.0578491210938 17.6584594726563 17.5860677083334 17.840673828125 18.0952799479167 18.3498860677084 18.4789794921875 18.5662353515625 18.6534912109375 18.7407470703125 18.9301106770834 19.1194742838542 19.308837890625 19.3941528320313 19.1673217773438 18.9404907226563 18.7136596679688 18.8406697591146 19.3215209960938 19.8023722330729 20.2832234700521 20.5066772460938 20.6443318684896 20.7819864908854 20.9196411132813 20.4462849934896 19.9729288736979
-9999 -9999 -9999 -9999 -9999 -9999 -9999 -9999 -9999 -9999 -9999 -9999 -9999 -9999 -9999 -9999 -9999 -9999 -9999 -9999 -9999 -9999 -9999 -9999 -9999 -9999 -9999 -9999 -9999 18.0342956542969 18.2802103678386 18.5261250813802 18.7720397949219 18.9173909505209 18.7610514322917 18.6047119140625 18.4483723958334 18.4590584309896 18.6367700195313 18.8144816080729 18.9921931966146 19.1384155273438 19.2741414388021 19.4098673502604 19.5455932617188 19.7371931966146 19.9287931315104 20.1203930664063 20.2157682291667 20.0224690755209 19.829169921875 19.6358707682292 19.6544498697917 19.8849072265625 20.1153645833334 20.3458219401042 20.3153735351563 20.1979565429688 20.0805395507813 19.9631225585938 19.3721752929688 18.7812280273438
-9999 -9999 -9999 -9999 -9999 -9999 -9999 -9999 -9999 -9999 -9999 -9999 -9999 -9999 -9999 -9999 -9999 -9999 -9999 -9999 -9999 -9999 -9999 -9999 -9999 -9999 -9999 -9999 18.0342956542969 18.0342956542969 18.2802103678386 18.5261250813802 18.7720397949219 18.9781534830729 19.0648640950521 19.1515747070313 19.2382853190104 19.3320491536459 19.4328662109375 19.5336832682292 19.6345003255209 19.7978515625 19.9820475260417 20.1662434895834 20.350439453125 20.5442757161459 20.7381119791667 20.9319482421875 21.0373836263021 20.8776163736979 20.7178491210938 20.5580818684896 20.4682299804688 20.4482934570313 20.4283569335938 20.4084204101563 20.1240698242188 19.7515812174479 19.3790926106771 19.0066040039063 18.2980655924479 17.5895271809896
14.429677327474 14.6028299967448 14.7759826660156 14.8749450683594 14.7513366699219 14.6277282714844 14.5041198730469 14.4828633626302 14.5639587402344 14.6450541178386 14.7261494954427 15.3425537109375 16.1373942057292 16.9322347005209 17.7270751953125 17.6312174479167 17.5353597005209 17.439501953125 17.3670084635417 17.3646077473959 17.36220703125 17.3598063151042 17.4393880208334 17.6009521484375 17.7625162760417 17.9240804036459 18.0106823730469 18.0722969563802 18.1339115397136 18.1955261230469 18.4472595214844 18.6989929199219 18.9507263183594 19.1804597981771 19.3441935221354 19.5079272460938 19.6716609700521 19.7836108398438 19.8437768554688 19.9039428710938 19.9641088867188 20.0485900878907 20.1411763509115 20.2337626139323 20.3263488769531 20.5415848795573 20.7568208821615 20.9720568847656 21.1478035481771 21.2050821940104 21.2623608398438 21.3196394856771 21.2281233723959 20.9878125 20.7475016276042 20.5071907552084 19.9793835449219 19.3557442220052 18.7321048990886 18.1084655761719 17.4975443522136 16.8866231282552
14.429677327474 14.6028299967448 14.7759826660156 14.8749450683594 14.7513366699219 14.6277282714844 14.5041198730469 14.4828633626302 14.5639587402344 14.6450541178386 14.7261494954427 15.3425537109375 16.1373942057292 16.9322347005209 17.7270751953125 17.6312174479167 17.5353597005209 17.439501953125 17.3670084635417 17.3646077473959 17.36220703125 17.3598063151042 17.4393880208334 17.6009521484375 17.7625162760417 17.9240804036459 18.0751745605469 18.2227787272136 18.3703828938802 18.5179870605469 18.7813578287761 19.0447285970052 19.3080993652344 19.5243098958334 19.5990397135417 19.67376953125 19.7484993489584 19.8137434895834 19.869501953125 19.9252604166667 19.9810188802084 19.8906311035156 19.7515279134115 19.6124247233073 19.4733215332031 19.729120686849 19.9849198404948 20.2407189941407 20.5470279947917 21.0048665364584 21.462705078125 21.9205436197917 21.9341300455729 21.5034643554688 21.0727986653646 20.6421329752604 19.8813146972656 19.0104455566406 18.1395764160157 17.2687072753906 16.9706115722656 16.6725158691406
14.429677327474 14.6028299967448 14.7759826660156 14.8749450683594 14.7513366699219 14.6277282714844 14.5041198730469 14.4828633626302 14.5639587402344 14.6450541178386 14.7261494954427 15.3425537109375 16.1373942057292 16.9322347005209 17.7270751953125 17.6312174479167 17.5353597005209 17.439501953125 17.3670084635417 17.3646077473959 17.36220703125 17.3598063151042 17.4393880208334 17.6009521484375 17.7625162760417 17.9240804036459 18.1396667480469 18.3732604980469 18.6068542480469 18.8404479980469 19.1154561360677 19.3904642740886 19.6654724121094 19.8681599934896 19.8538859049479 19.8396118164063 19.8253377278646 19.8438761393229 19.8952270507813 19.9465779622396 19.9979288736979 19.7326721191407 19.3618794759115 18.9910868326823 18.6202941894531 18.9166564941406 19.2130187988281 19.5093811035157 19.9462524414063 20.8046508789063 21.6630493164063 22.5214477539063 22.64013671875 22.0191162109375 21.398095703125 20.7770751953125 19.7832458496094 18.6651468912761 17.5470479329427 16.4289489746094 16.4436787923177 16.4584086100261
15.0704569498698 15.280067952474 15.4896789550781 15.6575069173177 15.6999857584636 15.7424645996094 15.7849434407552 15.8611169433594 15.9709851074219 16.0808532714844 16.1907214355469 16.4812231445313 16.8319360351563 17.1826489257813 17.5333618164063 17.5901505533854 17.6469392903646 17.7037280273438 17.7509765625 17.7696044921875 17.788232421875 17.8068603515625 17.8663834635417 17.9668017578125 18.0672200520834 18.1676383463542 18.3439440917969 18.5455456542969 18.7471472167969 18.9487487792969 19.0847334798177 19.2207181803386 19.3567028808594 19.3475268554688 18.9028686523438 18.4582104492188 18.0135522460938 18.0093302408854 18.4455444335938 18.8817586263021 19.3179728190104 19.3018420410157 19.1349296061198 18.968017171224 18.8011047363281 18.4224051920573 18.0437056477865 17.6650061035156 17.673203125 18.84208984375 20.0109765625 21.17986328125 21.3490763346354 20.5186157226563 19.6881551106771 18.8576944986979 18.3251501464844 17.8919112141927 17.4586722819011 17.0254333496094 17.0306547037761 17.0358760579427
15.7112365722656 15.9573059082031 16.2033752441406 16.4400687662761 16.6486348470052 16.8572009277344 17.0657670084636 17.2393705240886 17.3780114746094 17.5166524251302 17.6552933756511 17.619892578125 17.5264778645834 17.4330631510417 17.3396484375 17.5490836588542 17.7585188802084 17.9679541015625 18.1349446614584 18.1746012369792 18.2142578125 18.2539143880209 18.29337890625 18.3326513671875 18.371923828125 18.4111962890625 18.5482214355469 18.7178308105469 18.8874401855469 19.0570495605469 19.0540108235677 19.0509720865886 19.0479333496094 18.8268937174479 17.9518513997396 17.0768090820313 16.2017667643229 16.1747843424479 16.9958618164063 17.8169392903646 18.6380167643229 18.8710119628906 18.9079797363282 18.9449475097656 18.9819152832031 17.928153889974 16.8743924967448 15.8206311035156 15.4001538085938 16.8795288085938 18.3589038085938 19.8382788085938 20.0580159505209 19.018115234375 17.9782145182292 16.9383138020834 16.8670544433594 17.1186755371094 17.3702966308594 17.6219177246094 17.6176306152344 17.6133435058594
16.3879992675781 16.6110998535156 16.8342004394531 17.0408471679688 17.1981323242188 17.3554174804688 17.5127026367188 17.6721834309896 17.8338598632813 17.9955362955729 18.1572127278646 18.0246789550781 17.7940751139323 17.5634712727865 17.3328674316406 17.5433459472656 17.7538244628906 17.9643029785156 18.1469185384115 18.2459452311198 18.3449719238281 18.4439986165365 18.5217834472656 18.5783264160156 18.6348693847657 18.6914123535156 18.7788195800781 18.8765148925782 18.9742102050781 19.0719055175781 19.077030843099 19.0821561686198 19.0872814941406 18.8296643066406 17.7838195800781 16.7379748535156 15.6921301269531 15.5178080240886 16.2150085449219 16.9122090657552 17.6094095865886 17.8905358886719 18.0329707845052 18.1754056803386 18.3178405761719 17.1738838704427 16.0299271647136 14.8859704589844 14.3202270507813 15.4891235351563 16.6580200195313 17.8269165039063 18.0029915364584 17.1862451171875 16.3694986979167 15.5527522786459 15.6876220703125 16.139697265625 16.5917724609375 17.04384765625 17.0911539713542 17.1384602864584
17.1007450358073 17.2414497884115 17.3821545410156 17.4598421223959 17.3484781901042 17.2371142578125 17.1257503255209 17.1595556640625 17.3385302734375 17.5175048828125 17.6964794921875 17.6955822753906 17.6347277832031 17.5738732910156 17.5130187988281 17.5729374186198 17.6328560384115 17.6927746582031 17.7868981933594 17.9836364746094 18.1803747558594 18.3771130371094 18.5515970865886 18.7038269042969 18.8560567220052 19.0082865397136 19.0357385253906 19.0215979003906 19.0074572753906 18.9933166503906 19.1537935384115 19.3142704264323 19.4747473144531 19.3558386230469 18.3987731933594 17.4417077636719 16.4846423339844 16.0384012858073 16.1029846191406 16.167567952474 16.2321512858073 16.3604138183594 16.5099027506511 16.6593916829427 16.8088806152344 16.1595951334636 15.5103096516927 14.8610241699219 14.4334228515625 14.6708740234375 14.9083251953125 15.1457763671875 15.1840030924479 15.0230053710938 14.8620076497396 14.7010099283854 14.7868530273438 14.9549763997396 15.1230997721354 15.2912231445313 15.4512247721354 15.6112263997396
17.8134908040365 17.8717997233073 17.9301086425781 17.8788370768229 17.4988240559896 17.1188110351563 16.7387980143229 16.6469278971354 16.8432006835938 17.0394734700521 17.2357462565104 17.3664855957031 17.475380452474 17.5842753092448 17.6931701660156 17.602528889974 17.5118876139323 17.4212463378906 17.4268778483073 17.721327718099 18.0157775878906 18.3102274576823 18.5814107259115 18.8293273925781 19.0772440592448 19.3251607259115 19.2926574707031 19.1666809082031 19.0407043457031 18.9147277832031 19.230556233724 19.5463846842448 19.8622131347656 19.8820129394531 19.0137268066406 18.1454406738281 17.2771545410156 16.5589945475261 15.9909606933594 15.4229268391927 14.8548929850261 14.8302917480469 14.9868347167969 15.1433776855469 15.2999206542969 15.1453063964844 14.9906921386719 14.8360778808594 14.5466186523438 13.8526245117188 13.1586303710938 12.4646362304688 12.3650146484375 12.859765625 13.3545166015625 13.849267578125 13.886083984375 13.7702555338542 13.6544270833334 13.5385986328125 13.8112955729167 14.0839925130209
18.1677250162761 18.0274239095052 17.8871228027344 17.6191463216146 16.9681437174479 16.3171411132813 15.6661385091146 15.5774926757813 16.0512036132813 16.5249145507813 16.9986254882813 17.2917785644531 17.524745686849 17.7577128092448 17.9906799316406 17.9138309733073 17.836982014974 17.7601330566406 17.7600476074219 17.9902526855469 18.2204577636719 18.4506628417969 18.6354707845052 18.7748815917969 18.9142923990886 19.0537032063802 19.1343225097656 19.1953446451823 19.256366780599 19.3173889160156 19.5067590332031 19.6961291503906 19.8854992675781 19.9237137858073 19.5084615071615 19.0932092285156 18.6779569498698 18.2012959798177 17.6632263183594 17.1251566569011 16.5870869954427 16.5054895019532 16.5760493977865 16.6466092936198 16.7171691894531 16.5245275878906 16.3318859863281 16.1392443847656 15.798251953125 15.01220703125 14.226162109375 13.4401171875 13.1088338216146 13.2323120117188 13.3557902018229 13.4792683919271 13.3313134765625 13.092880859375 12.8544482421875 12.616015625 13.0181233723959 13.4202311197917
18.5219592285156 18.1830480957031 17.8441369628906 17.3594555664063 16.4374633789063 15.5154711914063 14.5934790039063 14.5080574544271 15.2592065429688 16.0103556315104 16.7615047200521 17.2170715332031 17.574110921224 17.9311503092448 18.2881896972656 18.2251330566406 18.1620764160156 18.0990197753906 18.0932173665365 18.2591776529948 18.4251379394531 18.5910982259115 18.689530843099 18.7204357910156 18.7513407389323 18.782245686849 18.9759875488281 19.2240083821615 19.4720292154948 19.7200500488281 19.7829618326823 19.8458736165365 19.9087854003906 19.9654146321615 20.0031962076823 20.0409777832032 20.078759358724 19.8435974121094 19.3354919433594 18.8273864746094 18.3192810058594 18.1806872558594 18.1652640787761 18.1498409016927 18.1344177246094 17.9037487792969 17.6730798339844 17.4424108886719 17.0498852539063 16.1717895507813 15.2936938476563 14.4155981445313 13.8526529947917 13.6048583984375 13.3570638020834 13.1092692057292 12.77654296875 12.4155061848959 12.0544694010417 11.6934326171875 12.224951171875 12.7564697265625
19.0496634928386 18.6935713704427 18.3374792480469 17.8314725748698 16.875722249349 15.9199719238281 14.9642215983073 14.8315604654948 15.5219885253906 16.2124165852865 16.9028446451823 17.3840673828125 17.7955550130209 18.2070426432292 18.6185302734375 18.5427701822917 18.4670100911459 18.39125 18.3693444824219 18.5090026855469 18.6486608886719 18.7883190917969 18.864687093099 18.8777648925781 18.8908426920573 18.9039204915365 19.1549755859375 19.4853564453125 19.8157373046875 20.1461181640625 20.1322867838542 20.1184554036459 20.1046240234375 20.1390059407552 20.3180277506511 20.4970495605469 20.6760713704427 20.5646586100261 20.1628112792969 19.7609639485677 19.3591166178386 19.2260217285156 19.1825109863281 19.1390002441407 19.0954895019531 18.8503544108073 18.6052193196615 18.3600842285156 17.9384590657552 16.9873636881511 16.0362683105469 15.0851729329427 14.3621358235677 13.8671569824219 13.3721781412761 12.8771993001302 12.5901708984375 12.3724593098959 12.1547477213542 11.9370361328125 12.3452880859375 12.7535400390625
19.7508378092448 19.558993733724 19.3671496582031 19.0351973470052 18.2829203287761 17.5306433105469 16.7783662923177 16.5480017089844 16.8395495605469 17.1310974121094 17.4226452636719 17.7927661132813 18.1890779622396 18.5853898111979 18.9817016601563 18.8667423502604 18.7517830403646 18.6368237304688 18.5884289550781 18.7397277832031 18.8910266113281 19.0423254394531 19.1609395345052 19.2468688964844 19.3327982584636 19.4187276204427 19.6712866210938 19.9793888346354 20.2874910481771 20.5955932617188 20.5547338867188 20.5138745117188 20.4730151367188 20.4444877115886 20.4529561360677 20.4614245605469 20.4698929850261 20.3644795735677 20.1451843261719 19.9258890787761 19.7065938313802 19.6414929199219 19.6277901204427 19.6140873209636 19.6003845214844 19.3643444824219 19.1283044433594 18.8922644042969 18.4639733886719 17.4589294433594 16.4538854980469 15.4488415527344 14.6372823079427 14.0192077636719 13.4011332194011 12.7830586751302 12.772197265625 12.963740234375 13.155283203125 13.346826171875 13.3791341145834 13.4114420572917
20.4520121256511 20.4244160970052 20.3968200683594 20.2389221191406 19.6901184082031 19.1413146972656 18.5925109863282 18.264442952474 18.1571105957031 18.0497782389323 17.9424458821615 18.20146484375 18.5826009114584 18.9637369791667 19.344873046875 19.1907145182292 19.0365559895834 18.8823974609375 18.8075134277344 18.9704528808594 19.1333923339844 19.2963317871094 19.4571919759115 19.6159729003906 19.7747538248698 19.933534749349 20.18759765625 20.4734212239584 20.7592447916667 21.045068359375 20.9771809895834 20.9092936197917 20.84140625 20.7499694824219 20.5878845214844 20.4257995605469 20.2637145996094 20.1643005371094 20.1275573730469 20.0908142089844 20.0540710449219 20.0569641113281 20.0730692545573 20.0891743977865 20.1052795410157 19.8783345540365 19.6513895670573 19.4244445800781 18.9894877115886 17.9304951985677 16.8715026855469 15.8125101725261 14.9124287923177 14.1712585449219 13.4300882975261 12.6889180501302 12.9542236328125 13.5550211588542 14.1558186848959 14.7566162109375 14.7566162109375 -9999
