data/climate/maas/min_temp.asc
NCOLS 360 
NROWS 180 
XLLCORNER -180 
YLLCORNER -90 
CELLSIZE 1 
NODATA_value -9999 
[rows 84 to 111 of 180, columns 124 to 185 of 360]
26.1294409179688 26.6814396158854 27.2334383138021 27.7854370117188 27.8523217773438 27.9192065429688 27.9860913085938 28.0127294921875 27.9186279296875 27.8245263671875 27.7304248046875 27.6833740234375 27.6833740234375 -9999 -9999 -9999 -9999 -9999 -9999 -9999 -9999 -9999 -9999 -9999 -9999 -9999 -9999 -9999 -9999 -9999 -9999 -9999 -9999 24.203500366211 24.0611737060547 23.9188470458985 23.7765203857422 23.5957316080729 23.2995564778646 23.0033813476563 22.7072062174479 22.7986336263021 23.2776635742188 23.7566935221354 24.2357234700521 24.3903466796875 24.4368343098959 24.4833219401042 24.5298095703125 24.7752783203125 25.0207470703125 25.2662158203125 25.3465665690104 24.9315633138021 24.5165600585938 24.1015568033854 23.8539314778646 23.7736840820313 23.6934366861979 23.6131892903646 23.9543505859375 24.4359814453125
24.0864196777344 25.5206237792969 26.9548278808594 28.3890319824219 27.7051745605469 27.0213171386719 26.3374597167969 25.8681856282552 26.0426615397136 26.2171374511719 26.3916133626302 26.4481864420573 26.3868566894531 26.325526936849 26.2641971842448 -9999 -9999 -9999 -9999 -9999 -9999 -9999 -9999 -9999 -9999 -9999 -9999 -9999 -9999 -9999 -9999 -9999 -9999 23.8356872558594 23.7522106933594 23.6687341308594 23.5852575683594 23.4428861490886 23.1238301595052 22.8047741699219 22.4857181803386 22.5740946451823 23.0699035644531 23.565712483724 24.0615214029948 24.2252368164063 24.2782543945313 24.3312719726563 24.3842895507813 24.6140681966146 24.8438468424479 25.0736254882813 25.1586966959636 24.8096455891927 24.4605944824219 24.1115433756511 24.0373522949219 24.2380212402344 24.4386901855469 24.6393591308594 24.8241369628906 25.0036177571615
24.8207458496094 25.7062194824219 26.5916931152344 27.4771667480469 26.1749759928386 24.8727852376302 23.5705944824219 22.6923417154948 23.0859029134115 23.4794641113281 23.8730253092448 24.3603470865886 24.9414294433594 25.5225118001302 26.1035941569011 26.2488647460938 26.2488647460938 -9999 -9999 -9999 -9999 -9999 -9999 -9999 -9999 -9999 -9999 -9999 -9999 -9999 -9999 -9999 -9999 23.8356872558594 23.8635127766927 23.8913382975261 23.9191638183594 23.846464436849 23.4721903483073 23.0979162597656 22.723642171224 22.6996846516927 23.0260437011719 23.3524027506511 23.6787618001302 23.8820336914063 24.0442765299479 24.2065193684896 24.3687622070313 24.5097420247396 24.6507218424479 24.7917016601563 24.8678259277344 24.7493835449219 24.6309411621094 24.5124987792969 24.4753096516927 24.5193737792969 24.5634379069011 24.6075020345052 24.8808703613281 25.230673421224
25.5550720214844 25.8918151855469 26.2285583496094 26.5653015136719 24.6447774251302 22.7242533365886 20.8037292480469 19.5164978027344 20.1291442871094 20.7417907714844 21.3544372558594 22.2725077311198 23.4960021972656 24.7194966634115 25.9429911295573 25.8325805664063 25.2775349934896 24.7224894205729 -9999 -9999 -9999 -9999 -9999 -9999 -9999 -9999 -9999 -9999 -9999 -9999 -9999 -9999 -9999 -9999 -9999 24.3574157714844 24.3574157714844 24.2500427246094 23.8205505371094 23.3910583496094 22.9615661621094 22.8252746582031 22.9821838378906 23.1390930175781 23.2960021972657 23.5388305664063 23.8102986653646 24.0817667643229 24.3532348632813 24.4054158528646 24.4575968424479 24.5097778320313 24.5769551595052 24.6891215006511 24.8012878417969 24.9134541829427 24.9132670084636 24.8007263183594 24.6881856282552 24.5756449381511 24.9376037597657 25.4577290852865
25.6168444824219 25.9249320475261 26.2330196126302 26.5411071777344 25.1276371256511 23.7141670735677 22.3006970214844 21.5429309082031 22.7522766113281 23.9616223144531 25.1709680175781 25.8218770345052 25.9143493652344 26.0068216959636 26.0992940266927 25.7314184570313 25.2100935872396 24.6887687174479 -9999 -9999 -9999 -9999 -9999 -9999 -9999 -9999 -9999 -9999 -9999 -9999 -9999 -9999 -9999 -9999 -9999 24.3574157714844 24.3574157714844 24.2447001139323 23.793837483724 23.3429748535156 22.8921122233073 22.7674759928386 22.9690661621094 23.1706563313802 23.3722465006511 23.7440844726563 24.1726717122396 24.6012589518229 25.0298461914063 24.8368806966146 24.6439152018229 24.4509497070313 24.349560139974 24.5228983561198 24.6962365722656 24.8695747884115 24.8580285644531 24.6615979003906 24.4651672363281 24.2687365722657 24.5666638183594 25.0293770345052
25.6786169433594 25.9580489095052 26.2374808756511 26.5169128417969 25.6104968261719 24.7040808105469 23.7976647949219 23.5693640136719 25.3754089355469 27.1814538574219 28.9874987792969 29.3712463378906 28.3326965332031 27.2941467285156 26.2555969238281 25.6302563476563 25.1426521809896 24.6550480143229 24.1674438476563 24.1674438476563 -9999 -9999 -9999 -9999 -9999 -9999 -9999 -9999 -9999 -9999 -9999 -9999 -9999 -9999 -9999 -9999 -9999 24.2393575032552 23.7671244303386 23.2948913574219 22.8226582845052 22.709677327474 22.9559484863282 23.2022196451823 23.4484908040365 23.9493383789063 24.5350447591146 25.1207511393229 25.7064575195313 25.2683455403646 24.8302335611979 24.3921215820313 24.1221651204427 24.3566752115886 24.5911853027344 24.8256953938802 24.8027901204427 24.5224694824219 24.2421488444011 23.9618282063802 24.1957238769531 24.601024983724
25.8336633300781 26.0426835123698 26.2517036946615 26.4607238769531 25.934560139974 25.4083964029948 24.8822326660156 24.9121378580729 26.6102498372396 28.3083618164063 30.0064737955729 30.2640600585938 29.0811206054688 27.8981811523438 26.7152416992188 26.0015356445313 25.4442407226563 24.8869458007813 24.3296508789063 24.0994327799479 23.8692146809896 23.6389965820313 -9999 -9999 -9999 -9999 -9999 -9999 -9999 -9999 -9999 -9999 -9999 -9999 -9999 -9999 -9999 -9999 -9999 22.5464721679688 22.5464721679688 22.7113191731771 23.0410131835938 23.3707071940104 23.7004012044271 24.1386572265625 24.6131005859375 25.0875439453125 25.5619873046875 25.2219840494792 24.8819807942709 24.5419775390625 24.3364095052084 24.5341471354167 24.731884765625 24.9296223958334 24.9018017578125 24.6484228515625 24.3950439453125 24.1416650390625 24.3013256835938 24.5986661783854
26.0819836425781 26.1788358561198 26.2756880696615 26.3725402832032 26.0998270670573 25.8271138509115 25.5544006347656 25.5712524414063 26.4567993164063 27.3423461914063 28.2278930664063 28.5003181966146 28.1596215820313 27.8189249674479 27.4782283528646 26.8452563476563 26.1148592122396 25.3844620768229 24.6540649414063 24.3373364257813 24.0206079101563 23.7038793945313 23.4663330078125 23.4663330078125 -9999 -9999 -9999 -9999 -9999 -9999 -9999 -9999 -9999 -9999 -9999 -9999 -9999 -9999 -9999 -9999 -9999 22.7724015299479 23.2242602539063 23.6761189778646 24.1279777018229 24.312041015625 24.4068391927084 24.5016373697917 24.596435546875 24.6977962239584 24.7991569010417 24.900517578125 24.9922932942709 25.0553141276042 25.1183349609375 25.1813557942709 25.1550634765625 25.0394580078125 24.9238525390625 24.8082470703125 24.8834692382813 25.0223006184896
26.3303039550781 26.3149881998698 26.2996724446615 26.2843566894531 26.2650939941406 26.2458312988282 26.2265686035156 26.2303670247396 26.3033487955729 26.3763305664063 26.4493123372396 26.7365763346354 27.2381225585938 27.7396687825521 28.2412150065104 27.6889770507813 26.7854777018229 25.8819783528646 24.9784790039063 24.5752400716146 24.1720011393229 23.7687622070313 23.6099527994792 24.1844319661459 24.7589111328125 25.3333902994792 -9999 -9999 -9999 -9999 -9999 -9999 -9999 -9999 -9999 -9999 -9999 -9999 -9999 -9999 -9999 -9999 -9999 24.6990600585938 24.6990600585938 24.4854248046875 24.2005777994792 23.9157307942709 23.6308837890625 24.1736083984375 24.7163330078125 25.2590576171875 25.6481770833334 25.5764811197917 25.50478515625 25.4330891927084 25.4083251953125 25.4304931640625 25.4526611328125 25.4748291015625 25.4656127929688 25.4459350585938
26.4746520996094 26.4553975423177 26.4361429850261 26.4168884277344 26.4493054199219 26.4817224121094 26.5141394042969 26.528349609375 26.487939453125 26.447529296875 26.407119140625 26.5409488932292 26.8490185546875 27.1570882161459 27.4651578776042 27.1891650390625 26.7184847005209 26.2478043619792 25.7771240234375 25.2840511067709 24.7909781901042 24.2979052734375 24.0409358723959 24.4922770182292 24.9436181640625 25.3949593098959 -9999 -9999 -9999 -9999 -9999 -9999 -9999 -9999 -9999 -9999 -9999 -9999 -9999 -9999 -9999 -9999 -9999 24.6990600585938 24.6990600585938 24.4854248046875 24.2005777994792 23.9157307942709 23.6308837890625 24.1736083984375 24.7163330078125 25.2590576171875 25.6481770833334 25.5764811197917 25.50478515625 25.4330891927084 25.3187337239584 25.16171875 25.0047037760417 24.8476888020834 24.4423046875 23.954130859375
26.6190002441406 26.5958068847656 26.5726135253906 26.5494201660157 26.6335168457031 26.7176135253906 26.8017102050781 26.8263321940104 26.6725301106771 26.5187280273438 26.3649259440104 26.3453214518229 26.4599145507813 26.5745076497396 26.6891007486979 26.6893530273438 26.6514916992188 26.6136303710938 26.5757690429688 25.9928621419271 25.4099552408854 24.8270483398438 24.4719189453125 24.8001220703125 25.1283251953125 25.4565283203125 25.6206298828125 25.6206298828125 -9999 -9999 -9999 -9999 -9999 -9999 -9999 -9999 -9999 -9999 -9999 -9999 -9999 -9999 -9999 -9999 -9999 24.4854248046875 24.2005777994792 23.9157307942709 23.6308837890625 24.1736083984375 24.7163330078125 25.2590576171875 25.6481770833334 25.5764811197917 25.50478515625 25.4330891927084 25.2291422526042 24.8929443359375 24.5567464192709 24.2205485026042 23.4189965820313 22.4623266601563
26.6722045898438 26.6524129231771 26.6326212565104 26.6128295898438 26.7296785481771 26.8465275065104 26.9633764648438 27.0075561523438 26.8337280273438 26.6598999023438 26.4860717773438 26.4053523763021 26.4177416992188 26.4301310221354 26.4425203450521 26.5382934570313 26.6618611653646 26.7854288736979 26.9089965820313 26.4118155924479 25.9146346028646 25.4174536132813 25.0626961263021 25.1352091471354 25.2077221679688 25.2802351888021 25.3442626953125 25.3998046875 25.4553466796875 25.510888671875 -9999 -9999 -9999 -9999 -9999 -9999 -9999 -9999 -9999 -9999 -9999 -9999 -9999 -9999 -9999 -9999 -9999 -9999 -9999 -9999 -9999 -9999 -9999 -9999 -9999 -9999 24.3571832275391 24.2603741455078 24.1635650634766 24.0667559814453 23.2958679199219 22.3002868652344
26.6342651367188 26.6252156575521 26.6161661783854 26.6071166992188 26.7377905273438 26.8684643554688 26.9991381835938 27.072021484375 26.971533203125 26.871044921875 26.770556640625 26.7210416666667 26.7225 26.7239583333334 26.7254166666667 26.735986328125 26.7495930989584 26.7631998697917 26.776806640625 26.5409114583334 26.3050162760417 26.06912109375 25.8132674153646 25.4975382486979 25.1818090820313 24.8660799153646 24.81708984375 25.0348388671875 25.252587890625 25.4703369140625 25.5247741699219 25.5247741699219 -9999 -9999 -9999 -9999 -9999 -9999 -9999 -9999 -9999 -9999 -9999 -9999 -9999 -9999 -9999 -9999 -9999 -9999 -9999 -9999 -9999 -9999 -9999 -9999 24.4217226155599 24.4539923095703 24.4862620035807 24.5185316975912 24.0729187011719 23.4680114746094
26.5963256835938 26.5980183919271 26.5997111002604 26.6014038085938 26.7459025065104 26.8904012044271 27.0348999023438 27.1364868164063 27.1093383789063 27.0821899414063 27.0550415039063 27.0367309570313 27.0272583007813 27.0177856445313 27.0083129882813 26.9336791992188 26.8373250325521 26.7409708658854 26.6446166992188 26.6700073242188 26.6953979492188 26.7207885742188 26.5638387044271 25.8598673502604 25.1558959960938 24.4519246419271 24.2899169921875 24.669873046875 25.0498291015625 25.42978515625 25.7808471679688 26.1222778320313 26.4637084960938 -9999 -9999 -9999 -9999 -9999 -9999 -9999 -9999 -9999 -9999 -9999 -9999 -9999 -9999 -9999 -9999 -9999 -9999 -9999 -9999 -9999 -9999 -9999 26.0789154052735 25.7502166748047 25.421517944336 25.0928192138672 24.8499694824219 24.6357360839844
26.3957421875 26.5362239583334 26.6767057291667 26.8171875 26.87224609375 26.9273046875 26.98236328125 27.0099137369792 26.9549397786459 26.8999658203125 26.8449918619792 26.7992252604167 26.762666015625 26.7261067708334 26.6895475260417 26.5790991210938 26.4440209960938 26.3089428710938 26.1738647460938 26.1861889648438 26.1985131835938 26.2108374023438 26.0215096028646 25.2272257486979 24.4329418945313 23.6386580403646 23.4563118489584 23.8859033203125 24.3154947916667 24.7450862630209 25.2430151367188 25.7637231445313 26.2844311523438 -9999 -9999 -9999 -9999 -9999 -9999 -9999 -9999 -9999 -9999 -9999 -9999 -9999 -9999 -9999 -9999 -9999 -9999 -9999 -9999 -9999 -9999 -9999 26.210394897461 26.1446551513672 26.0789154052735 26.0131756591797 26.0269665527344 26.0672676595052
26.1951586914063 26.4744295247396 26.7537003580729 27.0329711914063 26.9985896809896 26.9642081705729 26.9298266601563 26.8833406575521 26.8005411783854 26.7177416992188 26.6349422200521 26.5617195638021 26.4980737304688 26.4344278971354 26.3707820638021 26.2245190429688 26.0507169596354 25.8769148763021 25.7031127929688 25.7023706054688 25.7016284179688 25.7008862304688 25.4791805013021 24.5945841471354 23.7099877929688 22.8253914388021 22.6227067057292 23.10193359375 23.5811604817709 24.0603873697917 24.7051831054688 25.4051684570313 26.1051538085938 26.8051391601563 26.8051391601563 -9999 -9999 -9999 -9999 -9999 -9999 -9999 -9999 -9999 -9999 -9999 -9999 -9999 -9999 -9999 -9999 -9999 -9999 -9999 -9999 -9999 26.3418743896485 26.5390936279297 26.736312866211 26.9335321044922 27.2039636230469 27.4987992350261
26.7860266113281 26.8243534342448 26.8626802571615 26.9010070800781 26.7993176269531 26.6976281738282 26.5959387207031 26.5136808268229 26.4897176106771 26.4657543945313 26.4417911783854 26.3579736328125 26.2143017578125 26.0706298828125 25.9269580078125 25.7411169433594 25.5412194824219 25.3413220214844 25.1414245605469 25.2037113444011 25.2659981282552 25.3282849121094 25.1433821614584 24.2169108072917 23.290439453125 22.3639680989584 22.2332454427084 22.898271484375 23.5632975260417 24.2283235677084 24.6196105957031 24.9196512858073 25.2196919759115 25.5197326660156 25.0055700683594 24.4914074707031 23.9772448730469 -9999 -9999 -9999 -9999 -9999 -9999 -9999 -9999 -9999 -9999 -9999 -9999 -9999 -9999 -9999 -9999 -9999 -9999 -9999 26.8631787109375 26.969736328125 27.0762939453125 27.1828515625 27.5013391113282 27.8904699707031
28.1683459472656 27.585995686849 27.0036454264323 26.4212951660156 26.2744299316407 26.1275646972656 25.9806994628906 25.9009342447917 26.0224690755209 26.14400390625 26.2655387369792 26.1879874674479 25.9113500976563 25.6347127278646 25.3580753580729 25.1288928222656 24.9155285644531 24.7021643066406 24.4888000488281 24.6902111816406 24.8916223144532 25.0930334472657 25.0141145833334 24.0942057291667 23.174296875 22.2543880208334 22.2879280598959 23.2749169921875 24.2619059244792 25.2488948567709 24.9862976074219 24.3071716308594 23.6280456542969 22.9489196777344 23.1203072102865 23.2916947428386 23.4630822753906 -9999 -9999 -9999 -9999 -9999 -9999 -9999 -9999 -9999 -9999 -9999 -9999 -9999 -9999 -9999 -9999 -9999 -9999 -9999 26.7921402994792 26.75662109375 26.7211018880209 26.6855826822917 26.9190930175781 27.2422798665365
29.5506652832031 28.3476379394531 27.1446105957031 25.9415832519531 25.7495422363281 25.5575012207031 25.3654602050781 25.2881876627604 25.5552205403646 25.8222534179688 26.0892862955729 26.0180013020834 25.6083984375 25.1987955729167 24.7891927083334 24.5166687011719 24.2898376464844 24.0630065917969 23.8361755371094 24.1767110188802 24.5172465006511 24.8577819824219 24.8848470052084 23.9715006510417 23.058154296875 22.1448079427084 22.3426106770834 23.6515625 24.9605143229167 26.2694661458334 25.3529846191406 23.6946919759115 22.0363993326823 20.3781066894531 20.9414896647136 21.504872639974 22.0682556152344 -9999 -9999 -9999 -9999 -9999 -9999 -9999 -9999 -9999 -9999 -9999 -9999 -9999 -9999 -9999 -9999 -9999 -9999 -9999 26.1492838541667 26.1476318359375 26.1459798177084 26.1443277994792 26.3368469238281 26.5940897623698
26.2648132324219 25.9533874511719 25.6419616699219 25.3305358886719 25.2253047688802 25.1200736490886 25.0148425292969 24.8858439127604 24.6855428059896 24.4852416992188 24.2849405924479 24.1493424479167 24.078447265625 24.0075520833334 23.9366569010417 23.7952014160156 23.6302258300782 23.4652502441406 23.3002746582032 23.4816857910157 23.6630969238281 23.8445080566406 23.7750065104167 22.9527669270834 22.13052734375 21.3082877604167 21.2324430338542 21.9029931640625 22.5735432942709 23.2440934244792 23.1430358886719 22.7847757975261 22.4265157063802 22.0682556152344 22.1809322102865 22.2936088053386 22.4062854003906 -9999 -9999 -9999 -9999 -9999 -9999 -9999 -9999 -9999 -9999 -9999 -9999 -9999 -9999 -9999 -9999 -9999 -9999 -9999 26.1499446614584 26.1496142578125 26.1492838541667 26.1489534505209 26.1522009277344 26.1566410319011
22.9789611816406 23.5591369628906 24.1393127441406 24.7194885253906 24.7010673014323 24.682646077474 24.6642248535156 24.4835001627604 23.8158650716146 23.1482299804688 22.4805948893229 22.28068359375 22.54849609375 22.81630859375 23.08412109375 23.0737341308594 22.9706140136719 22.8674938964844 22.7643737792969 22.7866605631511 22.8089473470052 22.8312341308594 22.665166015625 21.934033203125 21.202900390625 20.471767578125 20.122275390625 20.154423828125 20.186572265625 20.218720703125 20.9330871582032 21.8748596191407 22.8166320800781 23.7584045410157 23.4203747558594 23.0823449707031 22.7443151855469 -9999 -9999 -9999 -9999 -9999 -9999 -9999 -9999 -9999 -9999 -9999 -9999 -9999 -9999 -9999 -9999 -9999 -9999 -9999 26.15060546875 26.1515966796875 26.152587890625 26.1535791015625 25.9675549316406 25.7191923014323
19.3913830566406 20.981952718099 22.5725223795573 24.1630920410156 24.1437219238281 24.1243518066406 24.1049816894531 23.8957958984375 23.1171630859375 22.3385302734375 21.5598974609375 21.2855086263021 21.5153637695313 21.7452189127604 21.9750740559896 22.0048315429688 21.9678898111979 21.9309480794271 21.8940063476563 21.7646215820313 21.6352368164063 21.5058520507813 21.2706461588542 20.7179768880209 20.1653076171875 19.6126383463542 19.1859293619792 18.8851806640625 18.5844319661459 18.2836832682292 19.4874926757813 21.1928214518229 22.8981502278646 24.6034790039063 24.6034790039063 -9999 -9999 -9999 -9999 -9999 -9999 -9999 -9999 -9999 -9999 -9999 -9999 -9999 -9999 -9999 -9999 -9999 -9999 -9999 -9999 -9999 25.1122082519531 25.2937902832031 25.4753723144531 25.6569543457031 25.3900378417969 24.9736218261719
15.5020788574219 18.2218347167969 20.9415905761719 23.6613464355469 23.5532686360677 23.4451908365886 23.3371130371094 23.1227311197917 22.5894368489584 22.056142578125 21.5228483072917 21.1638175455729 20.9790502929688 20.7942830403646 20.6095157877604 20.5884936523438 20.6220532226563 20.6556127929688 20.6891723632813 20.4155688476563 20.1419653320313 19.8683618164063 19.5914469401042 19.3045979817709 19.0177490234375 18.7309000651042 18.4234049479167 18.095263671875 17.7671223958334 17.4389811197917 18.8062524414063 20.7386612955729 22.6710701497396 -9999 -9999 -9999 -9999 -9999 -9999 -9999 -9999 -9999 -9999 -9999 -9999 -9999 -9999 -9999 -9999 -9999 -9999 -9999 -9999 -9999 -9999 -9999 24.9911535644531 24.9306262207032 24.8700988769532 24.8095715332031 24.4196496582031 23.9199296061198
11.6127746582031 15.4617167154948 19.3106587727865 23.1596008300781 22.9628153483073 22.7660298665365 22.5692443847656 22.3496663411459 22.0617106119792 21.7737548828125 21.4857991536459 21.0421264648438 20.4427368164063 19.8433471679688 19.2439575195313 19.1721557617188 19.2762166341146 19.3802775065104 19.4843383789063 19.0665161132813 18.6486938476563 18.2308715820313 17.9122477213542 17.8912190755209 17.8701904296875 17.8491617838542 17.6608805338542 17.3053466796875 16.9498128255209 16.5942789713542 16.2219482421875 15.8440185546875 15.4660888671875 -9999 -9999 -9999 -9999 -9999 -9999 -9999 -9999 -9999 -9999 -9999 -9999 -9999 -9999 -9999 -9999 -9999 -9999 -9999 -9999 -9999 -9999 -9999 23.6278228759766 23.7074249267578 23.7870269775391 23.8666290283203 23.4492614746094 22.8662373860677
12.3981994628906 16.2456278483073 20.093056233724 23.9404846191406 23.3238391113281 22.7071936035156 22.0905480957031 21.5888330078125 21.4319091796875 21.2749853515625 21.1180615234375 20.8194506835938 20.3791528320313 19.9388549804688 19.4985571289063 19.1494799804688 18.8308097330729 18.5121394856771 18.1934692382813 17.7214737955729 17.2494783528646 16.7774829101563 16.4432771809896 16.5224405924479 16.6016040039063 16.6807674153646 16.5405167643229 16.1808520507813 15.8211873372396 15.4615226236979 15.3149169921875 15.2393310546875 15.1637451171875 -9999 -9999 -9999 -9999 -9999 -9999 -9999 -9999 -9999 -9999 -9999 -9999 -9999 -9999 -9999 -9999 -9999 -9999 -9999 -9999 -9999 -9999 -9999 23.5959820556641 23.6119024658203 23.6278228759766 23.6437432861328 23.0061608886719 22.1507442220052
13.1836242675781 17.0295389811198 20.8754536946615 24.7213684082031 23.684862874349 22.6483573404948 21.6118518066406 20.8279996744792 20.8021077473959 20.7762158203125 20.7503238932292 20.5967749023438 20.3155688476563 20.0343627929688 19.7531567382813 19.1268041992188 18.3854028320313 17.6440014648438 16.9026000976563 16.3764314778646 15.8502628580729 15.3240942382813 14.974306640625 15.153662109375 15.333017578125 15.512373046875 15.4201529947917 15.056357421875 14.6925618489584 14.3287662760417 14.4078857421875 14.6346435546875 14.8614013671875 -9999 -9999 -9999 -9999 -9999 -9999 -9999 -9999 -9999 -9999 -9999 -9999 -9999 -9999 -9999 -9999 -9999 -9999 -9999 -9999 -9999 -9999 -9999 23.5641412353516 23.5163800048828 23.4686187744141 23.4208575439453 22.5630603027344 21.4352510579427
15.3891467285156 18.3375174967448 21.285888264974 24.2342590332031 23.3708133951823 22.5073677571615 21.6439221191406 20.9589029947917 20.8091634114584 20.659423828125 20.5096842447917 20.3478165690104 20.1738208007813 19.9998250325521 19.8258292643229 19.0487243652344 18.0705830891927 17.0924418131511 16.1143005371094 15.5793282063802 15.0443558756511 14.5093835449219 14.1264424641927 14.1995951334636 14.2727478027344 14.3459004720052 14.2883996582031 14.1002453613281 13.9120910644531 13.7239367675781 13.6786907958985 13.6810809326172 13.683471069336 -9999 -9999 -9999 -9999 -9999 -9999 -9999 -9999 -9999 -9999 -9999 -9999 -9999 -9999 -9999 -9999 -9999 -9999 -9999 -9999 -9999 -9999 -9999 21.56142578125 21.861962890625 22.1625 22.463037109375 21.5946313476563 20.3365779622396
19.0147668457031 20.1695633951823 21.3243599446615 22.4791564941406 22.3816906738281 22.2842248535156 22.1867590332031 21.98154296875 21.453076171875 20.924609375 20.396142578125 20.0725756835938 19.9539086914063 19.8352416992188 19.7165747070313 18.9152404785156 17.8863505045573 16.857460530599 15.8285705566406 15.3301639811198 14.831757405599 14.3333508300781 13.8996846516927 13.6602396647136 13.4207946777344 13.1813496907552 13.1452567545573 13.3125158691406 13.479774983724 13.6470340983073 13.6882513427735 13.6874546305339 13.6866579182943 -9999 -9999 -9999 -9999 -9999 -9999 -9999 -9999 -9999 -9999 -9999 -9999 -9999 -9999 -9999 -9999 -9999 -9999 -9999 -9999 -9999 -9999 -9999 21.3610677083334 21.260888671875 21.1607096354167 21.0605305989584 20.1008740234375 18.8547249348959
