data/climate/maas/min_precip.asc
NCOLS 360 
NROWS 180 
XLLCORNER -180 
YLLCORNER -90 
CELLSIZE 1 
NODATA_value -9999 
[rows 27 to 53 of 180, columns 120 to 179 of 360]
1.03315050364472 0.987152504967526 0.941154506290331 0.895156507613137 0.891104475595057 0.901034432463348 0.910964389331639 0.92089434619993 0.924787488766015 0.928680631332099 0.932573773898184 0.93193125387188 0.917681746068411 0.903432238264941 0.889182730461471 0.914934671600349 0.980688061681576 1.0464414517628 1.11219484184403 1.07085377094336 0.993814546382055 0.916775321820751 0.839736097259447 0.90002641431056 0.960316731361672 1.02060704841278 1.06042501225602 1.03882591647562 1.01722682069521 0.995627724914812 0.968887662165798 0.937006632448174 0.90512560273055 0.873244573012926 1.02924670558423 1.24787655891851 1.46650641225278 1.68513626558706 1.44864677684382 1.21215728810057 0.975667799357325 0.852704441640526 1.07031947700307 1.28793451236561 1.50554954772815 1.49217230267823 1.24780277721584 1.00343325175345 0.75906372629106 0.668214383767918 0.628538435557857 0.588862487347797 0.549186539137736 0.723443393362686 0.897700247587636 1.07195710181259 1.17524645640515 1.06563331210054 0.956020167795941 0.846407023491338
1.11909027001821 1.06041675503366 1.00174324004911 0.943069725064561 0.938436181750149 0.951815962325782 0.965195742901415 0.978575523477048 0.982616514433175 0.986657505389303 0.990698496345431 0.991392711759545 0.982046600547619 0.972700489335693 0.963354378123768 0.972396043944173 0.999825486796908 1.02725492964964 1.05468437250238 1.07013856410049 1.08160100528039 1.09306344646029 1.10452588764019 1.06562741124071 1.02672893484123 0.987830458441749 0.980725738336332 1.06900228711311 1.15727883588988 1.24555538466666 1.23692425608169 1.13138545013499 1.02584664418828 0.92030783824157 1.0156684499234 1.17799553414807 1.34032261837274 1.50264970259741 1.34662550361827 1.19060130463913 1.03457710565999 0.971833024173975 1.18892929516733 1.40602556616068 1.62312183715403 1.58392612379976 1.28843842609785 0.992950728395954 0.697463030694053 0.682747824350372 0.761623448459432 0.840499072568491 0.919374696677551 1.12041242723353 1.32145015778951 1.52248788834549 1.62587804999202 1.4363255049102 1.24677295982838 1.05722041474655
1.20503003639169 1.13368100509979 1.06233197380789 0.990982942515984 0.98576788790524 1.00259749218822 1.01942709647119 1.03625670075417 1.04044554010034 1.04463437944651 1.04882321879268 1.05085416964721 1.04641145502683 1.04196874040645 1.03752602578606 1.029857416288 1.01896291191224 1.00806840753648 0.997173903160729 1.06942335725762 1.16938746417873 1.26935157109983 1.36931567802094 1.23122840817086 1.09314113832079 0.955053868470713 0.901026464416645 1.0991786577506 1.29733085108455 1.49548304441851 1.50496084999759 1.3257642678218 1.146567685646 0.967371103470214 1.00209019426256 1.10811450937763 1.21413882449269 1.32016313960776 1.24460423039272 1.16904532117769 1.09348641196266 1.09096160670742 1.30753911333159 1.52411661995575 1.74069412657991 1.67567994492128 1.32907407497987 0.982468205038458 0.635862335097045 0.697281264932826 0.894708461361006 1.09213565778919 1.28956285421737 1.51738146110438 1.74520006799139 1.9730186748784 2.0765096435789 1.80701769771986 1.53752575186081 1.26803380600177
1.25975254224613 1.18427616544068 1.10879978863522 1.03332341182977 1.040138871409 1.07438494311646 1.10863101482391 1.14287708653137 1.12401806423441 1.10515904193744 1.08630001964048 1.0749395925086 1.08607495087199 1.09721030923538 1.10834566759877 1.10708382236771 1.09342477354221 1.07976572471671 1.06610667589121 1.14100991387386 1.2454339141259 1.34985791437794 1.45428191462997 1.31754616380204 1.1808104129741 1.04407466214616 0.985033840639517 1.15907780709676 1.33312177355401 1.50716574001126 1.52035333612002 1.37268456188031 1.22501578764059 1.07734701340087 1.07199637941085 1.11408512550406 1.15617387159728 1.19826261769049 1.21318598440848 1.22810935112648 1.24303271784447 1.28756761865225 1.42093712172937 1.55430662480649 1.68767612788361 1.62801228684839 1.37531510170083 1.12261791655328 0.869920731405728 0.975205068010837 1.1998165785335 1.42442808905616 1.64903959957883 1.81859446177259 1.98814932396635 2.15770418616012 2.21379295585211 1.92948344803881 1.6451739402255 1.3608644324122
1.28325778758153 1.21220223605633 1.14114668453112 1.07009113300592 1.10154913226143 1.1671783151105 1.23280749795958 1.29843668080866 1.23333408683538 1.16823149286211 1.10312889888883 1.06364898034371 1.1010370880831 1.13842519582249 1.17581330356188 1.20407526218332 1.22321107168682 1.24234688119031 1.26148269069381 1.28489823394921 1.3097403551219 1.3345824762946 1.3594245974673 1.32458067813423 1.28973675880115 1.25489283946808 1.23274786700495 1.2486997351516 1.26465160329826 1.28060347144492 1.283101714449 1.27214633231051 1.26119095017202 1.25023556803353 1.22538700536825 1.19590738252737 1.16642775968648 1.1369481368456 1.25237076566555 1.36779339448549 1.48321602330543 1.56165106000844 1.52912332036067 1.49659558071289 1.46406784106512 1.44092314958107 1.42716150626075 1.41339986294042 1.3996382196201 1.5165192335844 1.67694779997692 1.83737636636943 1.99780493276194 2.02405142923817 2.0502979257144 2.07654442219064 2.03772798681166 1.80372275586706 1.56971752492245 1.33571229397785
1.30676303291693 1.24012830667198 1.17349358042702 1.10685885418206 1.16295939311385 1.25997168710455 1.35698398109525 1.45399627508596 1.34265010943636 1.23130394378677 1.11995777813718 1.05235836817883 1.11599922529422 1.17964008240961 1.24328093952499 1.30106670199893 1.35299736983143 1.40492803766392 1.45685870549642 1.42878655402455 1.37404679611791 1.31930703821126 1.26456728030462 1.33161519246642 1.39866310462821 1.46571101679001 1.48046189337038 1.33832166320644 1.19618143304251 1.05404120287858 1.04585009277798 1.17160810274072 1.29736611270346 1.4231241226662 1.37877763132565 1.27772963955067 1.17668164777569 1.07563365600072 1.29155554692261 1.5074774378445 1.72339932876639 1.83573450136464 1.63730951899197 1.4388845366193 1.24045955424663 1.25383401231375 1.47900791082066 1.70418180932757 1.92935570783447 2.05783339915797 2.15407902142033 2.25032464368269 2.34657026594505 2.22950839670375 2.11244652746245 1.99538465822116 1.90758825629018 1.90758825629018 -9999 -9999
1.38206473505124 1.30196004733443 1.22185535961762 1.14175067190081 1.18873245036229 1.27807638421655 1.3674203180708 1.45676425192505 1.41235517710447 1.3679461022839 1.32353702746332 1.29808484832756 1.32950335624628 1.36092186416499 1.39234037208371 1.41665842733346 1.43387602991425 1.45109363249503 1.46831123507582 1.45167739118915 1.42375973181333 1.39584207243752 1.3679244130617 1.44169678247999 1.51546915189829 1.58924152131658 1.62564596137963 1.54994661337696 1.47424726537429 1.39854791737162 1.36685449560173 1.37916700006463 1.39147950452752 1.40379200899042 1.34062283928506 1.25229311152361 1.16396338376217 1.07563365600072 1.23548832605593 1.39534299611114 1.55519766616635 1.6882417408051 1.74085402919445 1.79346631758381 1.84607860597316 1.94497883564327 2.09016700659413 2.23535517754499 2.38054334849585 2.40278636617586 2.38404766609892 2.36530896602198 2.34657026594505 2.22950839670375 2.11244652746245 1.99538465822116 1.90758825629018 1.90758825629018 -9999 -9999
1.45736643718556 1.36379178799689 1.27021713880822 1.17664248961955 1.21450550761074 1.29618108132854 1.37785665504634 1.45953222876415 1.48206024477258 1.50458826078102 1.52711627678946 1.54381132847629 1.54300748719834 1.54220364592038 1.54139980464242 1.53225015266798 1.51475468999706 1.49725922732614 1.47976376465522 1.47456822835375 1.47347266750876 1.47237710666377 1.47128154581878 1.55177837249357 1.63227519916836 1.71277202584315 1.77083002938889 1.76157156354748 1.75231309770606 1.74305463186465 1.68785889842547 1.58672589738853 1.48559289635159 1.38445989531465 1.30246804724447 1.22685658349656 1.15124511974864 1.07563365600072 1.17942110518925 1.28320855437778 1.38699600356631 1.54074898024555 1.84439853939693 2.14804809854832 2.4516976576997 2.63612365897279 2.7013261023676 2.76652854576241 2.83173098915722 2.74773933319375 2.61401631077752 2.48029328836128 2.34657026594505 2.22950839670375 2.11244652746245 1.99538465822116 -9999 -9999 -9999 -9999
1.49253375129774 1.43131673103198 1.37009971076623 1.30888269050047 1.34326459094882 1.40951279830188 1.47576100565493 1.54200921300799 1.56734842713922 1.59268764127046 1.61802685540169 1.63808337086812 1.6422917903401 1.64650020981207 1.65070862928405 1.65090368874371 1.64708538819104 1.64326708763838 1.63944878708571 1.63094560825266 1.62088080332614 1.61081599839963 1.60075119347312 1.68048861552961 1.76022603758611 1.8399634596426 1.90433532139286 1.92261050222442 1.94088568305597 1.95916086388752 1.88390264706686 1.715111032594 1.54631941812113 1.37752780364826 1.33532990003005 1.33532990003005 -9999 2.84097624826245 2.60397373675369 2.36697122524492 2.12996871373616 2.02000846015289 2.29117498034611 2.56234150053933 2.83350802073255 2.98169607063755 3.00690565025434 3.03211522987112 3.05732480948791 3.06362720439211 3.06362720439211 -9999 -9999 -9999 -9999 -9999 -9999 -9999 -9999 -9999
1.4875666773878 1.50453487643972 1.52150307549164 1.53847127454355 1.57500970037654 1.61807153513655 1.66113336989656 1.70419520465657 1.66821972420439 1.63224424375221 1.59626876330003 1.58090097550303 1.62735626567155 1.67381155584008 1.7202668460086 1.77261903556064 1.83086812449619 1.88911721343175 1.9473663023673 1.92080953088589 1.86598413926549 1.81115874764509 1.7563333560247 1.82782751158811 1.89932166715153 1.97081582271494 2.02616183739156 2.03306342940778 2.039965021424 2.04686661344022 1.95498574152589 1.76432240568101 1.57365906983614 1.38299573399127 -9999 -9999 -9999 2.84097624826245 2.91997708543204 2.99897792260163 3.07797875977121 3.12602018052712 3.08118335204199 3.03634652355686 2.99150969507173 2.98169607063755 3.00690565025434 3.03211522987112 3.05732480948791 -9999 -9999 -9999 -9999 -9999 -9999 -9999 -9999 -9999 -9999 -9999
1.48259960347787 1.57775302184746 1.67290644021705 1.76805985858664 1.80675480980426 1.82663027197123 1.84650573413819 1.86638119630516 1.76909102126956 1.67180084623396 1.57451067119837 1.52371858013794 1.61242074100301 1.70112290186808 1.78982506273314 1.89433438237756 2.01465086080134 2.13496733922511 2.25528381764889 2.21067345351912 2.11108747520484 2.01150149689056 1.91191551857628 1.97516640764661 2.03841729671694 2.10166818578728 2.14798835339025 2.14351635659114 2.13904435979202 2.13457236299291 2.12953777285293 2.12394058937207 2.11834340589121 2.11274622241035 -9999 -9999 -9999 -9999 -9999 4.32224194519222 4.32224194519222 4.32224194519222 4.32224194519222 -9999 -9999 -9999 -9999 -9999 -9999 -9999 -9999 -9999 -9999 -9999 -9999 -9999 -9999 -9999 -9999 -9999
1.56733667571098 1.54749044962227 1.52764422353357 1.50779799744487 1.60411514248699 1.73915341123939 1.87419167999178 2.00922994874418 1.92586090788245 1.84249186702073 1.759122826159 1.71723789861426 1.79980531102046 1.88237272342667 1.96494013583288 2.0793738886714 2.22567398194224 2.37197407521307 2.51827416848391 2.47130614263006 2.3599154104013 2.24852467817254 2.13713394594379 2.22742525697686 2.31771656800993 2.408007879043 2.45171425910667 2.35566584626213 2.25961743341759 2.16356902057305 2.11498509580269 2.11386565910652 2.11274622241035 2.11162678571418 -9999 -9999 -9999 -9999 -9999 4.32224194519222 4.32224194519222 4.32224194519222 4.32224194519222 -9999 -9999 -9999 -9999 -9999 -9999 -9999 -9999 -9999 -9999 -9999 -9999 -9999 -9999 -9999 -9999 -9999
1.65207374794409 1.51722787739709 1.38238200685009 1.2475361363031 1.40147547516972 1.65167655050755 1.90187762584537 2.1520787011832 2.08263079449534 2.01318288780749 1.94373498111963 1.91075721709058 1.98718988103792 2.06362254498526 2.14005520893261 2.26441339496523 2.43669710308313 2.60898081120104 2.78126451931894 2.73193883174099 2.60874334559776 2.48554785945453 2.3623523733113 2.4796841063071 2.59701583930291 2.71434757229872 2.75544016482309 2.56781533593312 2.38019050704315 2.19256567815319 2.10043241875246 2.10379072884098 2.10714903892949 2.11050734901801 -9999 -9999 -9999 -9999 -9999 -9999 -9999 -9999 -9999 -9999 -9999 -9999 -9999 -9999 -9999 -9999 -9999 -9999 -9999 -9999 1.9998136034701 1.9998136034701 1.9998136034701 1.9998136034701 -9999 -9999
1.63996122730896 1.50087222782895 1.36178322834894 1.22269422886893 1.36997436988167 1.61271089105867 1.85544741223566 2.09818393341266 2.07220261520706 2.04622129700147 2.02023997879587 2.02485698461533 2.12126896250993 2.21768094040453 2.31409291829914 2.41701356135309 2.52644286956638 2.63587217777967 2.74530148599297 2.75986851705238 2.7428147890605 2.72576106106862 2.70870733307675 2.8148712948896 2.92103525670245 3.02719921851531 3.04406057763845 2.79301412869245 2.54196767974645 2.29092123080045 2.18040610989556 2.21042231703177 2.24043852416798 2.2704547313042 -9999 -9999 -9999 -9999 -9999 -9999 -9999 -9999 -9999 -9999 -9999 -9999 -9999 -9999 -9999 -9999 -9999 -9999 1.88843948417343 1.9062593432609 1.92407920234837 1.94189906143583 1.95080899097957 1.9329891318921 1.91516927280463 1.89734941371717
1.53099911380559 1.49842350091785 1.46584788803011 1.43327227514237 1.50961182662286 1.62225643289275 1.73490103916265 1.84754564543255 1.8945763700176 1.94160709460266 1.98863781918772 2.0595372011885 2.20204255543649 2.34454790968448 2.48705326393247 2.53717438783497 2.49491128139198 2.45264817494899 2.410385068506 2.55509519856423 2.76212974078953 2.96916428301483 3.17619882524014 3.23298682272434 3.28977482020855 3.34656281769276 3.31757549755275 3.03126222454011 2.74494895152748 2.45863567851484 2.31047634081915 2.30047093844041 2.29046553606167 2.28046013368294 -9999 -9999 -9999 -9999 -9999 -9999 -9999 -9999 -9999 -9999 -9999 -9999 -9999 -9999 -9999 -9999 -9999 -9999 1.88843948417343 1.88249953114428 1.87655957811512 1.87061962508596 1.86764964857139 1.87358960160054 1.8795295546297 1.88546950765885
1.42203700030223 1.49597477400675 1.56991254771128 1.64385032141581 1.64924928336404 1.63180197472684 1.61435466608964 1.59690735745244 1.71695012482814 1.83699289220385 1.95703565957956 2.09421741776168 2.28281614836305 2.47141487896442 2.66001360956579 2.65733521431684 2.46337969321758 2.26942417211831 2.07546865101904 2.35032188007608 2.78144469251856 3.21256750496104 3.64369031740353 3.65110235055909 3.65851438371465 3.66592641687021 3.59109041746706 3.26951032038778 2.9479302233085 2.62635012622923 2.5581661099568 2.74337817449123 2.92859023902565 3.11380230356008 -9999 -9999 -9999 -9999 -9999 -9999 -9999 -9999 -9999 -9999 -9999 -9999 -9999 -9999 -9999 -9999 -9999 -9999 1.89467593445443 1.86331311590038 1.83195029734634 1.80058747879229 1.77706536487676 1.77706536487676 -9999 -9999
1.30335773178376 1.40014785085805 1.49693796993233 1.59372808900662 1.67144101322629 1.74279487249441 1.81414873176254 1.88550259103067 1.88002201658674 1.8745414421428 1.86906086769886 1.93818743526936 2.23113542888314 2.52408342249691 2.81703141611069 2.90789989661425 2.79668886400759 2.68547783140093 2.57426679879427 2.6786712105386 2.85494743706658 3.03122366359457 3.20749989012256 3.26719940872863 3.3268989273347 3.38659844594076 3.40402796398848 3.29464748036116 3.18526699673384 3.07588651310652 3.03971747774631 3.07675989065319 3.11380230356008 3.15084471646696 -9999 -9999 -9999 -9999 -9999 -9999 -9999 -9999 -9999 -9999 -9999 -9999 -9999 -9999 -9999 -9999 -9999 -9999 1.89467593445443 1.86331311590038 1.83195029734634 1.80058747879229 1.77706536487676 1.77706536487676 -9999 -9999
1.1846784632653 1.30432092770934 1.42396339215338 1.54360585659742 1.69363274308853 1.85378777026199 2.01394279743545 2.17409782460891 2.04309390834533 1.91208999208175 1.78108607581817 1.78215745277703 2.17945470940322 2.57675196602941 2.97404922265559 3.15846457891166 3.12999803479761 3.10153149068356 3.0730649465695 3.00702054100111 2.92845018161461 2.8498798222281 2.7713094628416 2.88329646689817 2.99528347095475 3.10727047501132 3.21696551050991 3.31978464033455 3.42260377015918 3.52542289998382 3.52126884553581 3.41014160681516 3.2990143680945 3.18788712937385 -9999 -9999 -9999 -9999 -9999 -9999 -9999 -9999 -9999 -9999 -9999 -9999 -9999 -9999 -9999 -9999 -9999 1.89467593445443 1.89467593445443 1.86331311590038 1.83195029734634 1.80058747879229 -9999 -9999 -9999 -9999
1.20399165689014 1.30446466687135 1.40493767685257 1.50541068683378 1.72411524597555 1.98223032150418 2.2403453970328 2.49846047256142 2.34539865609258 2.19233683962375 2.03927502315491 2.0047094731126 2.32563272234984 2.64655597158708 2.96747922082432 3.15430745878257 3.20704068546183 3.2597739121411 3.31250713882037 3.17119520623237 2.96520155388862 2.75920790154487 2.55321424920112 2.69134499598294 2.82947574276477 2.9676064895466 3.12343428377062 3.33235322032124 3.54127215687186 3.75019109342247 3.85465056169778 3.85465056169778 -9999 -9999 -9999 -9999 -9999 -9999 -9999 -9999 -9999 -9999 -9999 -9999 -9999 -9999 -9999 -9999 -9999 -9999 -9999 1.89467593445443 1.89467593445443 1.89467593445443 -9999 -9999 -9999 -9999 -9999 -9999
1.36129731265828 1.40057906834409 1.43986082402989 1.4791425797157 1.76288852188736 2.12812252622098 2.49335653055459 2.85859053488821 2.78693625982851 2.71528198476881 2.64362770970911 2.60584349627607 2.669669467723 2.73349543916993 2.79732141061686 2.89542853622697 3.02781681600027 3.16020509577356 3.29259337554686 3.17119520623237 2.96520155388862 2.75920790154487 2.55321424920112 2.69134499598294 2.82947574276477 2.9676064895466 3.12343428377062 3.33235322032124 3.54127215687186 3.75019109342247 -9999 -9999 -9999 -9999 -9999 -9999 -9999 -9999 -9999 -9999 -9999 -9999 -9999 -9999 -9999 -9999 -9999 -9999 -9999 -9999 -9999 -9999 -9999 -9999 -9999 -9999 -9999 -9999 -9999 -9999
1.51860296842642 1.49669346981682 1.47478397120722 1.45287447259761 1.80166179779917 2.27401473093778 2.74636766407639 3.218720597215 3.22847386356443 3.23822712991387 3.2479803962633 3.20697751943953 3.01370621309616 2.82043490675278 2.6271636004094 2.53052794723772 2.53052794723772 -9999 -9999 -9999 -9999 -9999 -9999 -9999 -9999 -9999 -9999 -9999 -9999 -9999 -9999 -9999 -9999 -9999 -9999 -9999 -9999 -9999 -9999 -9999 -9999 -9999 -9999 -9999 -9999 -9999 -9999 -9999 -9999 -9999 -9999 -9999 -9999 -9999 -9999 -9999 -9999 -9999 -9999 -9999
1.57468450558372 1.83006794401444 2.08545138244517 2.3408348208759 2.47152330726385 2.56064680963755 2.64977031201124 2.73889381438494 2.82008584029973 2.90127786621451 2.9824698921293 3.00917484727688 2.87241859012283 2.73566233296879 2.59890607581474 2.53052794723772 2.53052794723772 -9999 -9999 -9999 -9999 -9999 -9999 -9999 -9999 -9999 -9999 -9999 -9999 -9999 -9999 -9999 -9999 -9999 -9999 -9999 -9999 -9999 -9999 -9999 -9999 -9999 -9999 -9999 -9999 -9999 -9999 -9999 -9999 -9999 -9999 -9999 -9999 -9999 -9999 -9999 -9999 -9999 -9999 -9999
1.63076604274102 2.16344241821207 2.69611879368313 3.22879516915418 3.14138481672853 2.84727888833731 2.5531729599461 2.25906703155488 2.41169781703502 2.56432860251516 2.7169593879953 2.81137217511423 2.73113096714951 2.65088975918479 2.57064855122007 -9999 -9999 -9999 -9999 -9999 -9999 -9999 -9999 -9999 -9999 -9999 -9999 -9999 -9999 -9999 -9999 -9999 -9999 -9999 -9999 -9999 -9999 -9999 -9999 -9999 -9999 -9999 -9999 -9999 -9999 -9999 -9999 -9999 -9999 -9999 -9999 -9999 -9999 -9999 -9999 -9999 -9999 -9999 0.824766227742657 0.824766227742657
2.05641073454171 2.48834540974349 2.92028008494526 3.35221476014704 3.18703025789 2.82280602981336 2.45858180173673 2.09435757366009 2.26265335665084 2.4309491396416 2.59924492263235 2.72546675987542 2.72546675987542 -9999 -9999 -9999 -9999 -9999 -9999 -9999 -9999 -9999 -9999 -9999 -9999 -9999 -9999 -9999 -9999 -9999 -9999 -9999 -9999 -9999 -9999 -9999 -9999 -9999 -9999 -9999 -9999 -9999 -9999 -9999 -9999 -9999 -9999 -9999 -9999 -9999 -9999 -9999 -9999 -9999 -9999 -9999 1.27901949710213 1.20331061887555 1.12760174064897 1.05189286242239
2.85161858098581 2.8047769186087 2.75793525623158 2.71109359385446 2.60845963074826 2.4872282340657 2.36599683738314 2.24476544070058 2.3729524591472 2.50113947759382 2.62932649604045 -9999 -9999 -9999 -9999 -9999 -9999 -9999 -9999 -9999 -9999 -9999 -9999 -9999 -9999 -9999 -9999 -9999 -9999 -9999 -9999 -9999 -9999 -9999 -9999 -9999 -9999 -9999 -9999 -9999 -9999 -9999 -9999 -9999 -9999 -9999 -9999 -9999 -9999 -9999 -9999 -9999 -9999 -9999 -9999 -9999 1.30425578984432 1.32949208258651 1.3547283753287 1.3799646680709
3.64682642742991 3.1212084274739 2.59559042751789 2.06997242756188 2.02988900360651 2.15165043831803 2.27341187302954 2.39517330774106 2.39517330774106 -9999 -9999 -9999 -9999 -9999 -9999 -9999 -9999 -9999 -9999 -9999 -9999 -9999 -9999 -9999 -9999 -9999 -9999 -9999 -9999 -9999 -9999 -9999 -9999 -9999 -9999 -9999 -9999 -9999 -9999 -9999 -9999 -9999 -9999 -9999 -9999 -9999 -9999 -9999 -9999 -9999 -9999 -9999 1.37559792492539 1.66994563769549 1.9642933504656 2.2586410632357 2.43218353833072 2.24331030040048 2.05443706247024 1.86556382454
3.12971264356747 2.86426598438993 2.59881932521239 2.33337266603485 2.29264346254058 2.32682007760741 2.36099669267423 2.39517330774106 2.39517330774106 -9999 -9999 -9999 -9999 -9999 -9999 -9999 -9999 -9999 -9999 -9999 -9999 -9999 -9999 -9999 -9999 -9999 -9999 -9999 -9999 -9999 -9999 -9999 -9999 -9999 -9999 -9999 -9999 -9999 -9999 -9999 -9999 -9999 -9999 -9999 -9999 -9999 -9999 -9999 -9999 -9999 -9999 -9999 1.37559792492539 1.66994563769549 1.9642933504656 2.2586410632357 2.39620853355154 2.06343527650461 1.73066201945767 1.39788876241073
