data/climate/maas/min_temp.asc
NCOLS 360 
NROWS 180 
XLLCORNER -180 
YLLCORNER -90 
CELLSIZE 1 
NODATA_value -9999 
[rows 84 to 111 of 180, columns 186 to 247 of 360]
24.9176123046875 25.3992431640625 25.7611295572917 26.1230159505209 26.48490234375 26.7001770019532 26.4756164550781 26.2510559082031 26.0264953613281 25.7968933105469 25.5622497558594 25.3276062011719 25.0929626464844 25.3618188476563 25.7985083007813 26.2351977539063 26.6718872070313 26.8403409830729 27.0087947591146 27.1772485351563 27.2212040201823 26.8916646321615 26.5621252441406 26.2325858561198 26.3067687988281 26.7846740722656 27.2625793457031 27.7404846191406 27.5872717285156 27.2236861165365 26.8601005045573 26.4965148925781 26.7182434082031 26.9399719238281 27.1617004394531 27.3106231689453 27.2411285400391 27.1716339111328 27.1021392822266 -9999 -9999 -9999 -9999 -9999 -9999 -9999 -9999 -9999 -9999 -9999 -9999 -9999 -9999 -9999 -9999 -9999 -9999 -9999 -9999 -9999 -9999 -9999
25.1830985514323 25.3625793457031 25.6417199707031 25.9208605957031 26.2000012207031 26.3569498697917 26.1473225911459 25.9376953125 25.7280680338542 25.5620182291667 25.4395458984375 25.3170735677084 25.1946012369792 25.4446923828125 25.8189713541667 26.1932503255209 26.567529296875 26.7953564453125 27.02318359375 27.2510107421875 27.3470617675781 27.0477844238281 26.7485070800781 26.4492297363281 26.4779252115886 26.8345935058594 27.1912618001302 27.5479300944011 27.4689416503906 27.2447342936198 27.020526936849 26.7963195800781 26.935380452474 27.0744413248698 27.2135021972656 27.299404296875 27.225830078125 27.152255859375 27.078681640625 -9999 -9999 -9999 -9999 -9999 -9999 -9999 -9999 -9999 -9999 -9999 -9999 -9999 -9999 -9999 -9999 -9999 -9999 -9999 -9999 -9999 -9999 -9999
25.5804764811198 25.9302795410156 25.945224202474 25.9601688639323 25.9751135253906 25.9639078776042 25.8742513020834 25.7845947265625 25.6949381510417 25.5676057942709 25.40259765625 25.2375895182292 25.0725813802084 25.4232861328125 25.9458951822917 26.4685042317709 26.99111328125 27.0178076171875 27.044501953125 27.0711962890625 27.0509590657552 26.8899271647136 26.7288952636719 26.5678633626302 26.5830594889323 26.7744836425781 26.965907796224 27.1573319498698 27.1855358886719 27.1593330891927 27.1331302897136 27.1069274902344 27.0650606282552 27.0231937662761 26.9813269042969 26.9560579427084 26.9805826822917 27.005107421875 27.0296321614584 -9999 -9999 25.029931640625 25.029931640625 25.029931640625 25.029931640625 -9999 -9999 -9999 -9999 -9999 -9999 -9999 -9999 -9999 -9999 -9999 -9999 -9999 -9999 -9999 -9999 -9999
25.9778544108073 26.4979797363281 26.2487284342448 25.9994771321615 25.7502258300781 25.5708658854167 25.6011800130209 25.631494140625 25.6618082682292 25.573193359375 25.3656494140625 25.15810546875 24.9505615234375 25.4018798828125 26.0728190104167 26.7437581380209 27.414697265625 27.2402587890625 27.0658203125 26.8913818359375 26.7548563639323 26.732069905599 26.7092834472656 26.6864969889323 26.6881937662761 26.7143737792969 26.7405537923177 26.7667338053386 26.9021301269531 27.0739318847656 27.2457336425781 27.4175354003906 27.1947408040365 26.9719462076823 26.7491516113281 26.5466623942058 26.4050893147787 26.2635162353516 26.1219431559245 -9999 -9999 25.029931640625 25.029931640625 25.029931640625 25.029931640625 -9999 -9999 -9999 -9999 -9999 -9999 -9999 -9999 -9999 -9999 -9999 -9999 -9999 -9999 -9999 -9999 -9999
25.4920902506511 25.9548034667969 25.9467110188802 25.9386185709636 25.9305261230469 25.9230411783854 25.9173787434896 25.9117163085938 25.9060538736979 25.8741577148438 25.8160278320313 25.7578979492188 25.6997680664063 25.9411206054688 26.2823006184896 26.6234806315104 26.9646606445313 26.9533276367188 26.9419946289063 26.9306616210938 26.8814603678386 26.7186543782552 26.5558483886719 26.3930423990886 26.3381327311198 26.3911193847656 26.4441060384115 26.4970926920573 26.7213391113281 27.0026721191406 27.2840051269531 27.5653381347656 27.1898710123698 26.814403889974 26.4389367675781 26.1502577718099 26.1219431559245 26.0936285400391 26.0653139241537 -9999 -9999 25.029931640625 25.029931640625 25.029931640625 25.029931640625 -9999 -9999 -9999 -9999 -9999 -9999 -9999 -9999 -9999 -9999 -9999 -9999 -9999 -9999 -9999 -9999 -9999
25.0063260904948 25.4116271972656 25.6446936035156 25.8777600097656 26.1108264160156 26.2752164713542 26.2335774739584 26.1919384765625 26.1502994791667 26.1751220703125 26.26640625 26.3576904296875 26.448974609375 26.480361328125 26.4917822265625 26.503203125 26.5146240234375 26.666396484375 26.8181689453125 26.96994140625 27.0080643717448 26.7052388509115 26.4024133300781 26.0995878092448 25.9880716959636 26.0678649902344 26.1476582845052 26.2274515787761 26.5405480957031 26.9314123535156 27.3222766113281 27.7131408691406 27.1850012207031 26.6568615722656 26.1287219238282 25.7538531494141 25.8387969970703 25.9237408447266 26.0086846923828 -9999 -9999 -9999 -9999 -9999 -9999 -9999 -9999 -9999 -9999 -9999 -9999 -9999 -9999 -9999 -9999 -9999 -9999 -9999 -9999 -9999 -9999 -9999
24.8960066731771 25.1933471679688 25.4369360351563 25.6805249023438 25.9241137695313 26.1316145833334 26.2308512369792 26.330087890625 26.4293245442709 26.5332771809896 26.6419458007813 26.7506144205729 26.8592830403646 26.7801135253907 26.6383312988281 26.4965490722656 26.3547668457031 26.535556233724 26.7163456217448 26.8971350097656 26.9644165039063 26.6911743164063 26.4179321289063 26.1446899414063 26.0106713867188 26.0158764648438 26.0210815429688 26.0262866210938 26.3176831054688 26.7044767252604 27.0912703450521 27.4780639648438 27.3246964518229 27.1713289388021 27.0179614257813 27.0412036132813 27.5942749023438 28.1473461914063 28.7004174804688 -9999 -9999 -9999 -9999 -9999 -9999 -9999 -9999 -9999 -9999 -9999 -9999 -9999 -9999 -9999 -9999 -9999 -9999 -9999 -9999 -9999 -9999 -9999
25.1611319986979 25.2999633789063 25.3234383138021 25.3469132486979 25.3703881835938 25.4922355143229 25.9092000325521 26.3261645507813 26.7431290690104 26.948623046875 26.942646484375 26.936669921875 26.930693359375 26.8403771972656 26.7219478352865 26.6035184733073 26.4850891113282 26.5608068847656 26.6365246582032 26.7122424316406 26.7505167643229 26.6764607747396 26.6024047851563 26.5283487955729 26.4059318033854 26.2351538085938 26.0643758138021 25.8935978190104 26.052744140625 26.321865234375 26.590986328125 26.860107421875 27.6089567057292 28.3578059895834 29.1066552734375 29.6222029622396 29.4378458658854 29.2534887695313 29.0691316731771 -9999 -9999 -9999 -9999 -9999 -9999 -9999 -9999 -9999 -9999 -9999 -9999 -9999 -9999 -9999 -9999 -9999 -9999 -9999 -9999 -9999 -9999 -9999
25.4262573242188 25.4065795898438 25.2099405924479 25.0133015950521 24.8166625976563 24.8528564453125 25.587548828125 26.3222412109375 27.05693359375 27.3639689127604 27.2433471679688 27.1227254231771 27.0021036783854 26.9006408691406 26.8055643717448 26.710487874349 26.6154113769531 26.5860575358073 26.5567036946615 26.5273498535156 26.5366170247396 26.6617472330729 26.7868774414063 26.9120076497396 26.8011922200521 26.4544311523438 26.1076700846354 25.7609090169271 25.7878051757813 25.9392537434896 26.0907023111979 26.2421508789063 27.8932169596354 29.5442830403646 31.1953491210938 32.4336486816406 32.4336486816406 -9999 -9999 -9999 -9999 -9999 -9999 -9999 -9999 -9999 -9999 -9999 -9999 -9999 -9999 -9999 -9999 -9999 -9999 -9999 -9999 -9999 -9999 -9999 -9999 -9999
23.46595703125 22.977783203125 24.3938004557292 25.8098177083334 27.2258349609375 28.1416625976563 27.5569213867188 26.9721801757813 26.3874389648438 26.234853515625 26.514423828125 26.793994140625 27.073564453125 27.0619616699219 26.9533011881511 26.8446407063802 26.7359802246094 26.7930944824219 26.8502087402344 26.9073229980469 26.9442692057292 26.9207112630209 26.8971533203125 26.8735953776042 26.8189827473959 26.7333154296875 26.6476481119792 26.5619807942709 26.3845751953125 26.1765901692709 25.9686051432292 25.7606201171875 27.5400944010417 29.3195686848959 31.09904296875 32.4336486816406 32.4336486816406 -9999 -9999 -9999 -9999 -9999 -9999 -9999 -9999 -9999 -9999 -9999 -9999 -9999 -9999 -9999 -9999 -9999 -9999 -9999 -9999 -9999 -9999 -9999 -9999 -9999
21.5056567382813 20.5489868164063 23.5776603190104 26.6063338216146 29.6350073242188 31.43046875 29.5262939453125 27.622119140625 25.7179443359375 25.1057381184896 25.7855004882813 26.4652628580729 27.1450252278646 27.2232824707031 27.1010380045573 26.9787935384115 26.8565490722656 27.0001314290365 27.1437137858073 27.2872961425781 27.3519213867188 27.1796752929688 27.0074291992188 26.8351831054688 26.8367732747396 27.0121997070313 27.1876261393229 27.3630525716146 26.9813452148438 26.4139265950521 25.8465079752604 25.2790893554688 27.1869718424479 29.0948543294271 31.0027368164063 -9999 -9999 -9999 -9999 -9999 -9999 -9999 -9999 -9999 -9999 -9999 -9999 -9999 -9999 -9999 -9999 -9999 -9999 -9999 -9999 -9999 -9999 -9999 -9999 -9999 -9999 -9999
21.3047058105469 20.3091247558594 23.4598750813802 26.6106254069011 29.7613757324219 31.6315531412761 29.6600118001302 27.6884704589844 25.7169291178386 25.0452282714844 25.6733679199219 26.3015075683594 26.9296472167969 27.0783239746094 27.0671797688802 27.0560355631511 27.0448913574219 27.1908923339844 27.3368933105469 27.4828942871094 27.533427734375 27.29755859375 27.061689453125 26.8258203125 26.8403442382813 27.1052612304688 27.3701782226563 27.6350952148438 27.1878833007813 26.5032950846354 25.8187068684896 25.1341186523438 25.1724365234375 25.2107543945313 25.249072265625 -9999 -9999 -9999 -9999 -9999 -9999 -9999 -9999 -9999 -9999 -9999 -9999 -9999 -9999 -9999 -9999 -9999 -9999 -9999 -9999 -9999 -9999 -9999 -9999 -9999 -9999 -9999
22.8631042480469 22.2581970214844 24.0404447428386 25.8226924641927 27.6049401855469 28.7449157714844 27.9580749511719 27.1712341308594 26.3843933105469 26.0533239746094 26.1780261230469 26.3027282714844 26.4274304199219 26.6270861816406 26.8517264811198 27.076366780599 27.3010070800782 27.3653771972656 27.4297473144531 27.4941174316406 27.4887882486979 27.2743611653646 27.0599340820313 26.8455069986979 26.8296956380209 27.0125 27.1953043619792 27.3781087239584 27.004189453125 26.4446956380209 25.8852018229167 25.3257080078125 25.3129353841146 25.3001627604167 25.2873901367188 -9999 -9999 -9999 -9999 -9999 -9999 -9999 -9999 -9999 -9999 -9999 -9999 -9999 -9999 -9999 -9999 -9999 -9999 -9999 -9999 -9999 -9999 -9999 -9999 -9999 -9999 -9999
24.4215026855469 24.2072692871094 24.6210144042969 25.0347595214844 25.4485046386719 25.8582784016927 26.2561381022136 26.6539978027344 27.0518575032552 27.0614196777344 26.6826843261719 26.3039489746094 25.9252136230469 26.1758483886719 26.6362731933594 27.0966979980469 27.5571228027344 27.5398620605469 27.5226013183594 27.5053405761719 27.4441487630209 27.2511637369792 27.0581787109375 26.8651936848959 26.8190470377604 26.9197387695313 27.0204305013021 27.1211222330729 26.8204956054688 26.3860961914063 25.9516967773438 25.5172973632813 25.4876139322917 25.4579305013021 25.4282470703125 -9999 -9999 -9999 -9999 -9999 -9999 -9999 -9999 -9999 -9999 -9999 -9999 -9999 -9999 -9999 -9999 -9999 -9999 -9999 -9999 -9999 -9999 -9999 -9999 -9999 -9999 -9999
26.1075687662761 26.1478698730469 26.0466898600261 25.9455098470052 25.8443298339844 25.7957767740886 25.9051045735677 26.0144323730469 26.1237601725261 26.0569551595052 25.8140173339844 25.5710795084636 25.3281416829427 25.5057189941406 25.8234680175782 26.1412170410157 26.4589660644532 26.5388146972656 26.6186633300781 26.6985119628906 26.7194539388021 26.5636759440104 26.4078979492188 26.2521199544271 26.230830078125 26.3440283203125 26.4572265625 26.5704248046875 26.36462890625 26.0525016276042 25.7403743489584 25.4282470703125 25.4223103841146 25.4163736979167 25.4104370117188 -9999 -9999 -9999 -9999 -9999 -9999 -9999 -9999 -9999 -9999 -9999 -9999 -9999 -9999 -9999 -9999 -9999 -9999 -9999 -9999 -9999 -9999 -9999 -9999 -9999 -9999 -9999
27.7936348470052 28.0884704589844 27.4723653157552 26.8562601725261 26.2401550292969 25.7332751464844 25.5540710449219 25.3748669433594 25.1956628417969 25.0524906412761 24.9453503417969 24.8382100423177 24.7310697428386 24.8355895996094 25.0106628417969 25.1857360839844 25.3608093261719 25.5377673339844 25.7147253417969 25.8916833496094 25.9947591145834 25.8761881510417 25.7576171875 25.6390462239584 25.6426131184896 25.7683178710938 25.8940226236979 26.0197273763021 25.9087622070313 25.7189070638021 25.5290519205729 25.3391967773438 25.3570068359375 25.3748168945313 25.392626953125 -9999 -9999 -9999 -9999 -9999 -9999 -9999 -9999 -9999 -9999 -9999 -9999 -9999 -9999 -9999 -9999 -9999 -9999 -9999 -9999 -9999 -9999 -9999 -9999 -9999 -9999 -9999
28.2796008300781 28.6687316894531 27.9976883951823 27.3266451009115 26.6556018066407 26.0280281575521 25.5308634440104 25.0336987304688 24.5365340169271 24.2639518229167 24.2159521484375 24.1679524739584 24.1199527994792 24.2021484375 24.3277425130209 24.4533365885417 24.5789306640625 24.7478727213542 24.9168147786459 25.0857568359375 25.2027868652344 25.1640808105469 25.1253747558594 25.0866687011719 25.1619893391927 25.3513366699219 25.5406840006511 25.7300313313802 25.6808288574219 25.5521097819011 25.4233907063802 25.2946716308594 25.2946716308594 -9999 -9999 -9999 -9999 -9999 -9999 -9999 -9999 -9999 -9999 -9999 -9999 -9999 -9999 -9999 -9999 -9999 -9999 -9999 -9999 -9999 -9999 -9999 -9999 -9999 -9999 -9999 -9999 -9999
27.5654667154948 27.8886535644532 27.6226590983073 27.3566646321615 27.0906701660156 26.6800358072917 25.8354817708334 24.990927734375 24.1463736979167 23.6913387044271 23.6258227539063 23.5603068033854 23.4947908528646 23.6053955078125 23.77470703125 23.9440185546875 24.113330078125 24.169130859375 24.224931640625 24.280732421875 24.3435371907552 24.4273539225261 24.5111706542969 24.5949873860677 24.7889587402344 25.0930847167969 25.3972106933594 25.7013366699219 25.6808288574219 25.5521097819011 25.4233907063802 -9999 -9999 -9999 -9999 -9999 -9999 -9999 -9999 -9999 -9999 -9999 -9999 -9999 -9999 -9999 -9999 -9999 -9999 -9999 -9999 -9999 -9999 -9999 -9999 -9999 -9999 -9999 -9999 -9999 -9999 -9999
26.8513326009115 27.1085754394531 27.2476298014323 27.3866841634115 27.5257385253906 27.3320434570313 26.1401000976563 24.9481567382813 23.7562133789063 23.1187255859375 23.035693359375 22.9526611328125 22.86962890625 23.008642578125 23.2216715494792 23.4347005208334 23.6477294921875 23.5903889973959 23.5330485026042 23.4757080078125 23.4842875162761 23.6906270345052 23.8969665527344 24.1033060709636 24.0860331217448 23.8451477050781 23.6042622884115 23.3633768717448 -9999 -9999 -9999 -9999 -9999 -9999 -9999 -9999 -9999 -9999 -9999 -9999 -9999 -9999 -9999 -9999 -9999 -9999 21.0744567871094 20.6893249511719 20.3041931152344 19.9190612792969 19.7516031901042 20.2371663411459 20.7227294921875 21.2082926432292 -9999 -9999 -9999 -9999 -9999 -9999 -9999 -9999
26.1610811360677 26.1655212402344 26.3620300292969 26.5585388183594 26.7550476074219 26.7028491210938 25.9045288085938 25.1062084960938 24.3078881835938 23.7031380208334 23.2919580078125 22.8807779947917 22.4695979817709 22.5200268554688 22.7243253580729 22.9286238606771 23.1329223632813 23.0213793945313 22.9098364257813 22.7982934570313 22.7659151204427 22.9710306803386 23.1761462402344 23.3812618001302 23.4597310384115 23.4115539550781 23.3633768717448 23.3151997884115 -9999 -9999 -9999 -9999 -9999 -9999 -9999 -9999 -9999 -9999 -9999 -9999 -9999 -9999 -9999 -9999 -9999 -9999 21.0744567871094 20.6893249511719 20.3041931152344 19.9190612792969 19.7516031901042 20.2371663411459 20.7227294921875 21.2082926432292 -9999 -9999 -9999 -9999 -9999 -9999 -9999 -9999
25.470829671224 25.2224670410156 25.4764302571615 25.7303934733073 25.9843566894531 26.0736547851563 25.6689575195313 25.2642602539063 24.8595629882813 24.2875504557292 23.54822265625 22.8088948567709 22.0695670572917 22.0314111328125 22.2269791666667 22.4225472005209 22.618115234375 22.4523697916667 22.2866243489584 22.12087890625 22.0475427246094 22.2514343261719 22.4553259277344 22.6592175292969 22.8334289550781 22.9779602050781 23.1224914550781 23.2670227050781 -9999 -9999 -9999 -9999 -9999 -9999 -9999 -9999 -9999 -9999 -9999 -9999 -9999 -9999 -9999 -9999 -9999 21.0744567871094 21.0744567871094 20.6893249511719 20.3041931152344 19.9190612792969 19.7516031901042 20.2371663411459 20.7227294921875 21.2082926432292 21.45107421875 21.45107421875 -9999 -9999 -9999 -9999 -9999 -9999
24.5572058105469 24.1407897949219 24.4454821777344 24.7501745605469 25.0548669433594 25.2417496744792 25.0752034505209 24.9086572265625 24.7421110026042 24.3014274088542 23.5866064453125 22.8717854817709 22.1569645182292 21.948056640625 21.9077864583334 21.8675162760417 21.82724609375 21.7482307942709 21.6692154947917 21.5902001953125 21.5888651529948 21.8205708821615 22.0522766113281 22.2839823404948 22.3998352050781 22.3998352050781 -9999 -9999 -9999 -9999 -9999 -9999 -9999 -9999 -9999 -9999 -9999 -9999 -9999 -9999 -9999 -9999 -9999 21.2052966308594 21.1815075683594 21.1577185058594 21.1339294433594 20.7677705891927 20.4016117350261 20.0354528808594 19.8277160644531 20.0952453613281 20.3627746582032 20.6303039550781 20.6266674804688 20.351865234375 20.0770629882813 19.8022607421875 -9999 -9999 -9999 -9999
23.4202095540365 22.9204895019531 23.2691857910156 23.6178820800781 23.9665783691406 24.2071337890625 24.1232666015625 24.0393994140625 23.9555322265625 23.7447688802084 23.407109375 23.0694498697917 22.7317903645834 22.2699633789063 21.7667472330729 21.2635310872396 20.7603149414063 20.9089624023438 21.0576098632813 21.2062573242188 21.389882405599 21.6784403483073 21.9669982910156 22.255556233724 -9999 -9999 -9999 -9999 -9999 -9999 -9999 -9999 -9999 -9999 -9999 -9999 -9999 -9999 -9999 -9999 -9999 -9999 -9999 21.2290856933594 21.2370153808594 21.2449450683594 21.2528747558594 20.9246618652344 20.5964489746094 20.2682360839844 19.9799418131511 19.8114034016927 19.6428649902344 19.4743265787761 19.4358577473959 19.5274584960938 19.6190592447917 19.7106599934896 -9999 -9999 -9999 -9999
22.2832132975261 21.7001892089844 22.0928894042969 22.4855895996094 22.8782897949219 23.1725179036459 23.1713297526042 23.1701416015625 23.1689534505209 23.1881103515625 23.2276123046875 23.2671142578125 23.3066162109375 22.5918701171875 21.6257080078125 20.6595458984375 19.6933837890625 20.0696940104167 20.4460042317709 20.822314453125 20.9814961751302 20.4892923990886 19.9970886230469 19.5048848470052 -9999 -9999 -9999 -9999 -9999 -9999 -9999 -9999 -9999 -9999 -9999 -9999 -9999 -9999 -9999 -9999 -9999 -9999 -9999 20.8381286621094 21.0160257975261 21.1939229329427 21.3718200683594 21.0815531412761 20.7912862141927 20.5010192871094 20.132167561849 19.5275614420573 18.9229553222657 18.318349202474 17.8151875813802 17.4134704589844 17.0117533365886 16.6100362141927 -9999 -9999 -9999 -9999
21.2953275553386 20.4399108886719 20.6118135579427 20.7837162272136 20.9556188964844 21.2058919270834 21.6912760416667 22.17666015625 22.6620442708334 22.6877262369792 22.2537060546875 21.8196858723959 21.3856656901042 20.9483471679688 20.5099291992188 20.0715112304688 19.6330932617188 19.1419490559896 18.6508048502604 18.1596606445313 17.8891345214844 18.2804626464844 18.6717907714844 19.0631188964844 -9999 -9999 -9999 -9999 -9999 -9999 -9999 -9999 -9999 -9999 -9999 -9999 -9999 -9999 -9999 -9999 -9999 -9999 -9999 20.7313903808594 20.7669698079427 20.8025492350261 20.8381286621094 20.2685062662761 19.6988838704427 19.1292614746094 18.6919592285156 18.6516174316406 18.6112756347656 18.5709338378906 18.2786088053386 17.7343005371094 17.1899922688802 16.6456840006511 -9999 -9999 -9999 -9999
20.3074418131511 19.1796325683594 19.1307377115886 19.0818428548177 19.0329479980469 19.2392659505209 20.2112223307292 21.1831787109375 22.1551350911459 22.1873421223959 21.2797998046875 20.3722574869792 19.4647151692709 19.30482421875 19.394150390625 19.4834765625 19.572802734375 18.2142041015625 16.85560546875 15.4970068359375 14.7967728678386 16.0716328938802 17.3464929199219 18.6213529459636 19.2587829589844 19.2587829589844 -9999 -9999 -9999 -9999 -9999 -9999 -9999 -9999 -9999 -9999 -9999 -9999 -9999 -9999 -9999 -9999 -9999 20.6246520996094 20.5179138183594 20.4111755371094 20.3044372558594 19.4554593912761 18.6064815266927 17.7575036621094 17.2517508951823 17.775673421224 18.2995959472656 18.8235184733073 18.7420300292969 18.0551306152344 17.3682312011719 16.6813317871094 16.5096069335938 16.5096069335938 -9999 -9999
19.0785245768229 17.8204711914063 17.8220906575521 17.8237101236979 17.8253295898438 18.07173828125 19.0525146484375 20.033291015625 21.0140673828125 21.0152083333334 20.0367138671875 19.0582194010417 18.0797249348959 18.1510327148438 18.5722745768229 18.9935164388021 19.4147583007813 17.4468790690104 15.4789998372396 13.5111206054688 12.4935729980469 14.3270202636719 16.1604675292969 17.9939147949219 18.8410095214844 18.7017517089844 18.5624938964844 18.4232360839844 -9999 -9999 -9999 -9999 -9999 -9999 -9999 -9999 -9999 -9999 -9999 -9999 -9999 -9999 -9999 -9999 -9999 20.0375915527344 20.0375915527344 19.0937813313802 18.1499711100261 17.2061608886719 16.6485371907552 17.2494730631511 17.8504089355469 18.4513448079427 18.4485355631511 17.8419812011719 17.2354268391927 16.6288724772136 15.82234375 14.9491569010417 14.0759700520834 -9999
17.6085758463542 16.3624267578125 16.6858723958334 17.0093180338542 17.332763671875 17.7033089192709 18.2151529947917 18.7269970703125 19.2388411458334 19.1713248697917 18.5244482421875 17.8775716145834 17.2306949869792 17.48697265625 18.0443017578125 18.601630859375 19.1589599609375 16.8399739583334 14.5209879557292 12.202001953125 10.9795349121094 13.0466247558594 15.1137145996094 17.1808044433594 18.2375590006511 18.2839782714844 18.3303975423177 18.3768168131511 -9999 -9999 -9999 -9999 -9999 -9999 -9999 -9999 -9999 -9999 -9999 -9999 -9999 -9999 -9999 -9999 -9999 -9999 20.0375915527344 19.1834720865886 18.3293526204427 17.4752331542969 16.8823181152344 17.0730163574219 17.2637145996094 17.4544128417969 17.3981254069011 17.0948522949219 16.7915791829427 16.4883060709636 15.770546875 14.9146256510417 14.0587044270834 13.202783203125
