data/climate/maas/min_precip.asc
NCOLS 360 
NROWS 180 
XLLCORNER -180 
YLLCORNER -90 
CELLSIZE 1 
NODATA_value -9999 
[rows 0 to 26 of 180, columns 120 to 179 of 360]
-9999 -9999 -9999 -9999 -9999 -9999 -9999 -9999 -9999 -9999 -9999 -9999 -9999 -9999 -9999 -9999 -9999 -9999 -9999 -9999 -9999 -9999 -9999 -9999 -9999 -9999 -9999 -9999 -9999 -9999 -9999 -9999 -9999 -9999 -9999 -9999 -9999 -9999 -9999 -9999 -9999 -9999 -9999 -9999 -9999 -9999 -9999 -9999 -9999 -9999 -9999 -9999 -9999 -9999 -9999 -9999 -9999 -9999 -9999 -9999
-9999 -9999 -9999 -9999 -9999 -9999 -9999 -9999 -9999 -9999 -9999 -9999 -9999 -9999 -9999 -9999 -9999 -9999 -9999 -9999 -9999 -9999 -9999 -9999 -9999 -9999 -9999 -9999 -9999 -9999 -9999 -9999 -9999 -9999 -9999 -9999 -9999 -9999 -9999 -9999 -9999 -9999 -9999 -9999 -9999 -9999 -9999 -9999 -9999 -9999 -9999 -9999 -9999 -9999 -9999 -9999 -9999 -9999 -9999 -9999
-9999 -9999 -9999 -9999 -9999 -9999 -9999 -9999 -9999 -9999 -9999 -9999 -9999 -9999 -9999 -9999 -9999 -9999 -9999 -9999 -9999 -9999 -9999 -9999 -9999 -9999 -9999 -9999 -9999 -9999 -9999 -9999 -9999 -9999 -9999 -9999 -9999 -9999 -9999 -9999 -9999 -9999 -9999 -9999 -9999 -9999 -9999 -9999 -9999 -9999 -9999 -9999 -9999 -9999 -9999 -9999 -9999 -9999 -9999 -9999
-9999 -9999 -9999 -9999 -9999 -9999 -9999 -9999 -9999 -9999 -9999 -9999 -9999 -9999 -9999 -9999 -9999 -9999 -9999 -9999 -9999 -9999 -9999 -9999 -9999 -9999 -9999 -9999 -9999 -9999 -9999 -9999 -9999 -9999 -9999 -9999 -9999 -9999 -9999 -9999 -9999 -9999 -9999 -9999 -9999 -9999 -9999 -9999 -9999 -9999 -9999 -9999 -9999 -9999 -9999 -9999 -9999 -9999 -9999 -9999
-9999 -9999 -9999 -9999 -9999 -9999 -9999 -9999 -9999 -9999 -9999 -9999 -9999 -9999 -9999 -9999 -9999 -9999 -9999 -9999 -9999 -9999 -9999 -9999 -9999 -9999 -9999 -9999 -9999 -9999 -9999 -9999 -9999 -9999 -9999 -9999 -9999 -9999 -9999 -9999 -9999 -9999 -9999 -9999 -9999 -9999 -9999 -9999 -9999 -9999 -9999 -9999 -9999 -9999 -9999 -9999 -9999 -9999 -9999 -9999
-9999 -9999 -9999 -9999 -9999 -9999 -9999 -9999 -9999 -9999 -9999 -9999 -9999 -9999 -9999 -9999 -9999 -9999 -9999 -9999 -9999 -9999 -9999 -9999 -9999 -9999 -9999 -9999 -9999 -9999 -9999 -9999 -9999 -9999 -9999 -9999 -9999 -9999 -9999 -9999 -9999 -9999 -9999 -9999 -9999 -9999 -9999 -9999 -9999 -9999 -9999 -9999 -9999 -9999 -9999 -9999 -9999 -9999 -9999 -9999
-9999 -9999 -9999 -9999 -9999 -9999 -9999 -9999 -9999 -9999 -9999 -9999 -9999 -9999 -9999 -9999 -9999 -9999 -9999 -9999 -9999 -9999 -9999 -9999 -9999 -9999 -9999 -9999 -9999 -9999 -9999 -9999 -9999 -9999 -9999 -9999 -9999 -9999 -9999 -9999 -9999 -9999 -9999 -9999 -9999 -9999 -9999 -9999 -9999 -9999 -9999 -9999 -9999 -9999 -9999 -9999 -9999 -9999 -9999 -9999
0.428181859315373 0.426188296987675 0.424194734659977 0.422201172332279 0.417482985940296 0.411856591526885 0.406230197113473 0.400603802700061 0.412710571254138 0.424817339808214 0.436924108362291 0.439563132240437 0.413798922090791 0.388034711941145 0.3622705017915 0.353854657150805 0.362787178019062 0.371719698887318 0.380652219755575 0.39736911363434 0.416680798516609 0.435992483398877 -9999 -9999 -9999 -9999 -9999 -9999 -9999 -9999 -9999 -9999 -9999 -9999 -9999 -9999 -9999 -9999 -9999 -9999 -9999 -9999 -9999 -9999 -9999 -9999 -9999 -9999 -9999 -9999 -9999 -9999 -9999 -9999 -9999 -9999 -9999 -9999 -9999 -9999
0.428181859315373 0.426188296987675 0.424194734659977 0.422201172332279 0.417482985940296 0.411856591526885 0.406230197113473 0.400603802700061 0.412710571254138 0.424817339808214 0.436924108362291 0.439563132240437 0.413798922090791 0.388034711941145 0.3622705017915 0.353854657150805 0.362787178019062 0.371719698887318 0.380652219755575 0.39736911363434 0.416680798516609 0.435992483398877 -9999 -9999 -9999 -9999 -9999 -9999 -9999 -9999 -9999 -9999 -9999 -9999 -9999 -9999 -9999 -9999 -9999 -9999 -9999 -9999 -9999 -9999 -9999 -9999 -9999 -9999 -9999 -9999 -9999 -9999 -9999 -9999 -9999 -9999 -9999 -9999 -9999 -9999
0.428181859315373 0.426188296987675 0.424194734659977 0.422201172332279 0.417482985940296 0.411856591526885 0.406230197113473 0.400603802700061 0.412710571254138 0.424817339808214 0.436924108362291 0.439563132240437 0.413798922090791 0.388034711941145 0.3622705017915 0.353854657150805 0.362787178019062 0.371719698887318 0.380652219755575 0.39736911363434 0.416680798516609 0.435992483398877 0.455304168281145 0.455304168281145 -9999 -9999 -9999 -9999 -9999 -9999 -9999 -9999 -9999 -9999 -9999 -9999 -9999 -9999 -9999 -9999 -9999 -9999 -9999 -9999 -9999 -9999 -9999 -9999 -9999 -9999 -9999 -9999 -9999 -9999 -9999 -9999 -9999 -9999 -9999 -9999
0.454375884553883 0.455260969523806 0.456146054493729 0.457031139463652 0.451830906153191 0.444602233415935 0.437373560678679 0.430144887941424 0.437202494416852 0.444260100892279 0.451317707367707 0.450583764875773 0.426475175481755 0.402366586087737 0.378257996693719 0.369493509933818 0.376073125808034 0.38265274168225 0.389232357556466 0.405196325504221 0.424288410809822 0.443380496115424 0.462472581421025 0.470283289323561 0.478093997226097 0.485904705128632 0.490764854766894 0.486773329612333 0.482781804457773 0.478790279303212 0.466477577865589 0.445843700144906 0.425209822424222 0.404575944703538 0.393220519472379 0.384957911737729 0.376695304003078 0.368432696268428 0.374461872561369 0.38049104885431 0.386520225147251 0.39210238668602 0.396343503962271 0.400584621238522 0.404825738514774 0.403095483197831 0.395393855287693 0.387692227377556 0.379990599467419 -9999 -9999 -9999 -9999 -9999 -9999 -9999 -9999 -9999 -9999 -9999
0.506763935030904 0.513406314596068 0.520048694161233 0.526691073726397 0.52052674657898 0.510093517194036 0.499660287809093 0.489227058424149 0.486186340742279 0.483145623060409 0.480104905378539 0.472625030146446 0.451827682263684 0.431030334380921 0.410232986498158 0.400771215499844 0.402645021385979 0.404518827272113 0.406392633158248 0.420850749243982 0.43950363539625 0.458156521548517 0.476809407700785 0.480796961928718 0.484784516156651 0.488772070384584 0.490764854766894 0.486773329612333 0.482781804457773 0.478790279303212 0.466477577865589 0.445843700144906 0.425209822424222 0.404575944703538 0.393220519472379 0.384957911737729 0.376695304003078 0.368432696268428 0.374461872561369 0.38049104885431 0.386520225147251 0.39210238668602 0.396343503962271 0.400584621238522 0.404825738514774 0.403095483197831 0.395393855287693 0.387692227377556 0.379990599467419 0.378065192489885 0.378065192489885 -9999 -9999 -9999 -9999 -9999 -9999 -9999 -9999 -9999
0.559151985507924 0.57155165966833 0.583951333828736 0.596351007989142 0.58922258700477 0.575584800972138 0.561947014939506 0.548309228906874 0.535170187067706 0.522031145228539 0.508892103389371 0.494666295417119 0.477180189045612 0.459694082674105 0.442207976302598 0.432048921065871 0.429216916963924 0.426384912861977 0.42355290876003 0.436505172983743 0.454718859982677 0.47293254698161 0.491146233980544 0.491310634533875 0.491475035087205 0.491639435640536 0.490764854766894 0.486773329612333 0.482781804457773 0.478790279303212 0.466477577865589 0.445843700144906 0.425209822424222 0.404575944703538 0.393220519472379 0.384957911737729 0.376695304003078 0.368432696268428 0.374461872561369 0.38049104885431 0.386520225147251 0.39210238668602 0.396343503962271 0.400584621238522 0.404825738514774 0.403095483197831 0.395393855287693 0.387692227377556 0.379990599467419 0.401385433506221 0.432479088194668 0.463572742883116 0.494666397571564 0.466167738195509 0.437669078819454 0.409170419443399 -9999 -9999 -9999 -9999
0.598339284479152 0.600764074770268 0.603188865061384 0.605613655352499 0.593938391364645 0.577563109283801 0.561187827202957 0.544812545122113 0.53947528655408 0.534138027986046 0.528800769418012 0.522326339094434 0.512440393504221 0.502554447914008 0.492668502323795 0.485995706927497 0.482536061725114 0.47907641652273 0.475616771320347 0.483481051633134 0.495119973784313 0.506758895935491 0.518397818086669 0.509728903882205 0.501059989677742 0.492391075473279 0.484551776375156 0.479201322596055 0.473850868816953 0.468500415037852 0.458677285525482 0.444381480279844 0.430085675034206 0.415789869788568 0.413910123228561 0.416169062897097 0.418428002565634 0.42068694223417 0.424691708700266 0.428696475166362 0.432701241632458 0.431179551640525 0.413078492274508 0.39497743290849 0.376876373542473 0.37897801422514 0.401282354956493 0.423586695687845 0.445891036419198 0.460106976795942 0.471626783721149 0.483146590646356 0.494666397571564 0.466167738195509 0.437669078819454 0.409170419443399 -9999 -9999 -9999 -9999
0.637526583450381 0.629976489872206 0.622426396294031 0.614876302715857 0.598654195724521 0.579541417595465 0.560428639466409 0.541315861337353 0.543780386040453 0.546244910743553 0.548709435446654 0.549986382771749 0.54770059796283 0.545414813153911 0.543129028344993 0.539942492789123 0.535855206486303 0.531767920183484 0.527680633880664 0.530456930282526 0.535521087585948 0.540585244889371 0.545649402192794 0.528147173230536 0.510644944268279 0.493142715306021 0.478338697983418 0.471629315579776 0.464919933176134 0.458210550772492 0.450876993185375 0.442919260414783 0.434961527644191 0.427003794873599 0.434599726984743 0.447380214056466 0.460160701128189 0.472941188199911 0.474921544839162 0.476901901478413 0.478882258117665 0.470256716595031 0.429813480586745 0.389370244578458 0.348927008570172 0.35486054525245 0.407170854625292 0.459481163998134 0.511791473370977 0.518828520085663 0.51077447924763 0.502720438409597 0.494666397571564 0.466167738195509 0.437669078819454 0.409170419443399 0.387796424911357 0.387796424911357 -9999 -9999
0.670472519821487 0.655419017770328 0.640365515719168 0.625312013668008 0.60820127039915 0.590404780057725 0.5726082897163 0.554811799374875 0.560783639259171 0.566755479143467 0.572727319027763 0.576647947949823 0.574414943985175 0.572181940020528 0.56994893605588 0.568361870886292 0.567420744511764 0.566479618137237 0.565538491762709 0.564436228538398 0.563280253030825 0.562124277523253 0.560968302015681 0.54174792120466 0.522527540393639 0.503307159582619 0.486657532572281 0.477720166963991 0.468782801355701 0.459845435747411 0.455877912172582 0.456880230631214 0.457882549089845 0.458884867548477 0.464324988832232 0.471244377724361 0.47816376661649 0.485083155508619 0.491345036483835 0.497606917459052 0.503868798434269 0.499850073480047 0.464989530737512 0.430128987994976 0.395268445252441 0.39916035567876 0.441804719273932 0.484449082869105 0.527093446464278 0.5247629735386 0.507440888439305 0.49011880334001 0.472796718240716 0.463587265578099 0.454377812915482 0.445168360252865 0.443307755340356 0.463493693678174 0.483679632015992 0.50386557035381
0.697177093592472 0.677091658464633 0.657006223336793 0.636920788208954 0.622579615388531 0.610153196670581 0.59772677795263 0.585300359234679 0.590485046210233 0.595669733185787 0.60085442016134 0.602311034628656 0.592583431571256 0.582855828513857 0.573128225456458 0.571253841219004 0.577232675801497 0.58321151038399 0.589190344966482 0.58541894640075 0.578397470118944 0.571375993837137 0.56435451755533 0.550531147804577 0.536707778053824 0.522884408303071 0.509508280141745 0.4974738767487 0.485439473355655 0.47340506996261 0.473680042487103 0.486264390929136 0.498848739371169 0.511433087813202 0.503085908771027 0.487761553900782 0.472437199030537 0.457112844160292 0.473962183634285 0.490811523108277 0.50766086258227 0.519959622295573 0.518606642726809 0.517253663158044 0.51590068358928 0.511877445504069 0.505183948902413 0.498490452300757 0.491796955699101 0.477910337154754 0.461626011296175 0.445341685437597 0.429057359579019 0.458426320343278 0.487795281107537 0.517164241871797 0.537508800916839 0.530780154804233 0.524051508691628 0.517322862579022
0.723881667363457 0.698764299158938 0.673646930954419 0.6485295627499 0.636957960377913 0.629901613283437 0.622845266188961 0.615788919094484 0.620186453161296 0.624583987228107 0.628981521294918 0.627974121307489 0.610751919157337 0.593529717007186 0.576307514857035 0.574145811551716 0.587044607091229 0.599943402630743 0.612842198170256 0.606401664263103 0.593514687207062 0.58062771015102 0.567740733094979 0.559314374404494 0.550888015714008 0.542461657023523 0.532359027711209 0.517227586533409 0.502096145355608 0.486964704177808 0.491482172801625 0.515648551227059 0.539814929652493 0.563981308077928 0.541846828709822 0.504278730077203 0.466710631444585 0.429142532811966 0.456579330784734 0.484016128757503 0.511452926730271 0.540069171111099 0.572223754716106 0.604378338321112 0.636532921926118 0.624594535329379 0.568563178530894 0.512531821732409 0.456500464933924 0.431057700770907 0.415811134153046 0.400564567535184 0.385318000917323 0.453265375108458 0.521212749299593 0.589160123490728 0.62281436577905 0.553589212358929 0.484364058938809 0.415138905518688
0.737494024797343 0.726425459724851 0.715356894652359 0.704288329579867 0.704266936343629 0.707927933719475 0.711588931095321 0.715249928471167 0.685287732223514 0.655325535975862 0.62536333972821 0.602414119464811 0.600503827154171 0.598593534843531 0.59668324253289 0.597773889487144 0.60186547570629 0.605957061925437 0.610048648144584 0.608279341540765 0.604556403995957 0.600833466451149 0.597110528906342 0.600177926186007 0.603245323465671 0.606312720745336 0.599317032436375 0.562132087361533 0.524947142286692 0.48776219721185 0.482403927308042 0.508872332575265 0.535340737842489 0.561809143109713 0.544284400355536 0.51209527492756 0.479906149499584 0.447717024071608 0.467414186394308 0.487111348717008 0.506808511039708 0.542589638731442 0.626622662530281 0.710655686329119 0.794688710127957 0.781781077967025 0.671932789846323 0.562084501725622 0.45223621360492 0.414381798589602 0.400525341276079 0.386668883962557 0.372812426649034 0.467155985534191 0.561499544419348 0.655843103304505 0.703529142891057 0.611242624581791 0.518956106272526 0.426669587963261
0.751106382231228 0.754086620290764 0.757066858350299 0.760047096409835 0.771575912309345 0.785954254155513 0.800332596001681 0.814710937847849 0.750389011285733 0.686067084723618 0.621745158161502 0.576854117622133 0.590255735151004 0.603657352679875 0.617058970208745 0.621401967422571 0.616686344321351 0.611970721220132 0.607255098118912 0.610157018818427 0.615598120784853 0.621039222751278 0.626480324717704 0.641041477967519 0.655602631217334 0.67016378446715 0.66627503716154 0.607036588189658 0.547798139217775 0.488559690245893 0.473325681814458 0.502096113923471 0.530866546032485 0.559636978141498 0.546721972001251 0.519911819777917 0.493101667554583 0.46629151533125 0.478249042003881 0.490206568676513 0.502164095349144 0.545110106351785 0.681021570344456 0.816933034337126 0.952844498329796 0.938967620604672 0.775302401161753 0.611637181718834 0.447971962275915 0.397705896408297 0.385239548399113 0.372773200389929 0.360306852380745 0.481046595959924 0.601786339539103 0.722526083118282 0.784243920003064 0.668896036804654 0.553548153606243 0.438200270407833
0.755286317900755 0.768404826172628 0.781523334444501 0.794641842716374 0.810775626450777 0.827914502006024 0.845053377561271 0.862192253116518 0.802413194440305 0.742634135764092 0.682855077087879 0.637751784233842 0.636675788846333 0.635599793458823 0.634523798071314 0.632364439603407 0.629121718055103 0.625878996506799 0.622636274958495 0.635459104785696 0.653637118404731 0.671815132023767 0.689993145642802 0.69305377244018 0.696114399237558 0.699175026034936 0.68900774710346 0.639156750985421 0.589305754867382 0.539454758749343 0.524496305384673 0.544430394773372 0.56436448416207 0.584298573550768 0.571267128107138 0.547247171052732 0.523227213998325 0.499207256943919 0.512731109862216 0.526254962780513 0.53977881569881 0.580074581026565 0.700686083582696 0.821297586138826 0.941909088694956 0.936762149620336 0.805856768914964 0.674951388209593 0.544046007504221 0.490530755021609 0.462812211946584 0.435093668871559 0.407375125796534 0.518215343006887 0.629055560217239 0.739895777427591 0.796408275899012 0.689937618153635 0.583466960408259 0.476996302662883
0.750033831805922 0.769380077370442 0.788726322934963 0.808072568499483 0.821866078767926 0.833808677271008 0.845751275774091 0.857693874277174 0.84136028168723 0.825026689097285 0.808693096507341 0.785107119299937 0.739763988240156 0.694420857180376 0.649077726120595 0.630661306029651 0.639171596907545 0.647681887785438 0.656192178663332 0.684185599442571 0.718673396855593 0.753161194268614 0.787648991681635 0.756214809603989 0.724780627526343 0.693346445448697 0.667515162262134 0.658492575748824 0.649469989235513 0.640447402722202 0.635915798018686 0.635875175124966 0.635834552231245 0.635793929337524 0.617919868673198 0.594101328752004 0.570282788830809 0.546464248909615 0.570860389969312 0.595256531029008 0.619652672088705 0.647483062755782 0.685616202245001 0.723749341734219 0.761882481223438 0.775164665014017 0.763595893105958 0.752027121197898 0.740458349289838 0.692856374429539 0.633243331918493 0.573630289407447 0.514017246896401 0.578662226675078 0.643307206453755 0.707952186232433 0.7400222105789 0.674367368628737 0.608712526678573 0.54305768472841
0.74478134571109 0.770355328568257 0.795929311425425 0.821503294282593 0.832956531085074 0.839702852535993 0.846449173986912 0.853195495437831 0.880307368934155 0.907419242430478 0.934531115926802 0.932462454366032 0.84285218763398 0.753241920901928 0.663631654169876 0.628958172455896 0.649221475759987 0.669484779064078 0.689748082368169 0.732912094099447 0.783709675306454 0.834507256513461 0.885304837720469 0.819375846767798 0.753446855815127 0.687517864862457 0.646022577420808 0.677828400512226 0.709634223603643 0.741440046695061 0.7473352906527 0.72731995547656 0.70730462030042 0.68728928512428 0.664572609239258 0.640955486451276 0.617338363663293 0.593721240875311 0.628989670076407 0.664258099277504 0.6995265284786 0.714891544484999 0.670546320907306 0.626201097329613 0.58185587375192 0.613567180407699 0.721335017296951 0.829102854186203 0.936870691075455 0.895181993837468 0.803674451890402 0.712166909943335 0.620659367996268 0.63910911034327 0.657558852690272 0.676008595037274 0.683636145258788 0.658797119103838 0.633958092948887 0.609119066793937
0.80435607873369 0.817731416900642 0.831106755067594 0.844482093234546 0.850927899358794 0.855063861468807 0.85919982357882 0.863335785688832 0.873844056157395 0.884352326625958 0.894860597094521 0.890602361352649 0.842044606979471 0.793486852606293 0.744929098233115 0.727392773784231 0.740877879259642 0.754362984735053 0.767848090210464 0.788359357975423 0.811212679836899 0.834066001698375 0.85691932355985 0.825417692307383 0.793916061054915 0.762414429802448 0.742459223256446 0.757143290829845 0.771827358403243 0.786511425976641 0.79891410714481 0.809035401907749 0.819156696670689 0.829277991433628 0.774210175266489 0.697412655455992 0.620615135645494 0.543817615834996 0.596625902457163 0.649434189079329 0.702242475701496 0.741589397017378 0.740552222414408 0.739515047811437 0.738477873208467 0.749926362710539 0.773860516317654 0.79779466992477 0.821728823531885 0.781209901557304 0.719206621055491 0.657203340553679 0.595200060051866 0.639138532918878 0.68307700578589 0.727015478652902 0.753240631136578 0.726325822470244 0.69941101380391 0.672496205137577
0.86393081175629 0.865107505233027 0.866284198709764 0.8674608921865 0.868899267632514 0.870424870401621 0.871950473170727 0.873476075939834 0.867380743380636 0.861285410821438 0.85519007826224 0.848742268339265 0.841237026324961 0.833731784310658 0.826226542296354 0.825827375112567 0.832534282759298 0.839241190406028 0.845948098052759 0.8438066218514 0.838715684367344 0.833624746883288 0.828533809399232 0.831459537846968 0.834385266294703 0.837310994742438 0.838895869092084 0.836458181147464 0.834020493202843 0.831582805258222 0.850492923636921 0.890750848338939 0.931008773040958 0.971266697742976 0.883847741293721 0.753869824460708 0.623891907627694 0.493913990794681 0.564262134837918 0.634610278881155 0.704958422924392 0.768287249549758 0.81055812392151 0.852828998293262 0.895099872665014 0.886285545013379 0.826386015338358 0.766486485663336 0.706586955988314 0.66723780927714 0.634738790220581 0.602239771164022 0.569740752107464 0.639167955494486 0.708595158881508 0.77802236226853 0.822845117014367 0.79385452583665 0.764863934658933 0.735873343481217
0.921604643343017 0.908466940512881 0.895329237682745 0.882191534852609 0.880528856534511 0.882691186387092 0.884853516239673 0.887015846092254 0.876276767347008 0.865537688601762 0.854798609856516 0.848636028240435 0.856202938011847 0.86376984778326 0.871336757554673 0.883022674941458 0.898827599943615 0.914632524945773 0.930437449947931 0.911394957220182 0.880736658582464 0.850078359944746 0.819420061307028 0.84758965135552 0.875759241404012 0.903928831452504 0.921776356059127 0.908657684340142 0.895539012621157 0.882420340902172 0.89480339793954 0.932688183733262 0.970572969526984 1.00845775532071 0.956782560562715 0.875254038954154 0.793725517345592 0.712196995737031 0.7281935561914 0.744190116645768 0.760186677100137 0.795849828980863 0.890512755140662 0.985175681300461 1.07983860746026 1.06200656946748 0.931679567322135 0.801352565176785 0.671025563031435 0.621844287263229 0.599711586954072 0.577578886644915 0.555446186335757 0.656034812098369 0.756623437860981 0.857212063623592 0.921167179243639 0.875221764435992 0.829276349628344 0.783330934820697
0.977377573493868 0.947809722740203 0.918241871986538 0.888674021232873 0.885816666064784 0.89186280942522 0.897908952785656 0.903955096146092 0.900532128056511 0.897109159966931 0.89368619187735 0.890283641056158 0.886942342040129 0.8836010430241 0.880259744008072 0.898978673270904 0.939757830812596 0.980536988354288 1.02131614589598 0.99112436408177 0.937275602482259 0.883426840882748 0.829578079283237 0.87380803283304 0.918037986382842 0.962267939932644 0.991100684157573 0.973741800407879 0.956382916658185 0.939024032908492 0.931845530052669 0.934847408090718 0.937849286128767 0.940851164166816 0.993014633073471 1.06156529893633 1.13011596479919 1.19866663066205 1.08842016651761 0.978173702373169 0.867927238228731 0.824277135310695 0.980416116071865 1.13655509683304 1.29269407759421 1.27708943607286 1.08974117226899 0.902392908465117 0.715044644661248 0.645029335515574 0.614125011255965 0.583220686996356 0.552316362736747 0.689739102730528 0.827161842724308 0.964584582718089 1.04820681782439 0.970427538268268 0.892648258712143 0.814868979156017
