data/climate/maas/min_temp.asc
NCOLS 360 
NROWS 180 
XLLCORNER -180 
YLLCORNER -90 
CELLSIZE 1 
NODATA_value -9999 
[rows 0 to 27 of 180, columns 124 to 185 of 360]
-9999 -9999 -9999 -9999 -9999 -9999 -9999 -9999 -9999 -9999 -9999 -9999 -9999 -9999 -9999 -9999 -9999 -9999 -9999 -9999 -9999 -9999 -9999 -9999 -9999 -9999 -9999 -9999 -9999 -9999 -9999 -9999 -9999 -9999 -9999 -9999 -9999 -9999 -9999 -9999 -9999 -9999 -9999 -9999 -9999 -9999 -9999 -9999 -9999 -9999 -9999 -9999 -9999 -9999 -9999 -9999 -9999 -9999 -9999 -9999 -9999 -9999
-9999 -9999 -9999 -9999 -9999 -9999 -9999 -9999 -9999 -9999 -9999 -9999 -9999 -9999 -9999 -9999 -9999 -9999 -9999 -9999 -9999 -9999 -9999 -9999 -9999 -9999 -9999 -9999 -9999 -9999 -9999 -9999 -9999 -9999 -9999 -9999 -9999 -9999 -9999 -9999 -9999 -9999 -9999 -9999 -9999 -9999 -9999 -9999 -9999 -9999 -9999 -9999 -9999 -9999 -9999 -9999 -9999 -9999 -9999 -9999 -9999 -9999
-9999 -9999 -9999 -9999 -9999 -9999 -9999 -9999 -9999 -9999 -9999 -9999 -9999 -9999 -9999 -9999 -9999 -9999 -9999 -9999 -9999 -9999 -9999 -9999 -9999 -9999 -9999 -9999 -9999 -9999 -9999 -9999 -9999 -9999 -9999 -9999 -9999 -9999 -9999 -9999 -9999 -9999 -9999 -9999 -9999 -9999 -9999 -9999 -9999 -9999 -9999 -9999 -9999 -9999 -9999 -9999 -9999 -9999 -9999 -9999 -9999 -9999
-9999 -9999 -9999 -9999 -9999 -9999 -9999 -9999 -9999 -9999 -9999 -9999 -9999 -9999 -9999 -9999 -9999 -9999 -9999 -9999 -9999 -9999 -9999 -9999 -9999 -9999 -9999 -9999 -9999 -9999 -9999 -9999 -9999 -9999 -9999 -9999 -9999 -9999 -9999 -9999 -9999 -9999 -9999 -9999 -9999 -9999 -9999 -9999 -9999 -9999 -9999 -9999 -9999 -9999 -9999 -9999 -9999 -9999 -9999 -9999 -9999 -9999
-9999 -9999 -9999 -9999 -9999 -9999 -9999 -9999 -9999 -9999 -9999 -9999 -9999 -9999 -9999 -9999 -9999 -9999 -9999 -9999 -9999 -9999 -9999 -9999 -9999 -9999 -9999 -9999 -9999 -9999 -9999 -9999 -9999 -9999 -9999 -9999 -9999 -9999 -9999 -9999 -9999 -9999 -9999 -9999 -9999 -9999 -9999 -9999 -9999 -9999 -9999 -9999 -9999 -9999 -9999 -9999 -9999 -9999 -9999 -9999 -9999 -9999
-9999 -9999 -9999 -9999 -9999 -9999 -9999 -9999 -9999 -9999 -9999 -9999 -9999 -9999 -9999 -9999 -9999 -9999 -9999 -9999 -9999 -9999 -9999 -9999 -9999 -9999 -9999 -9999 -9999 -9999 -9999 -9999 -9999 -9999 -9999 -9999 -9999 -9999 -9999 -9999 -9999 -9999 -9999 -9999 -9999 -9999 -9999 -9999 -9999 -9999 -9999 -9999 -9999 -9999 -9999 -9999 -9999 -9999 -9999 -9999 -9999 -9999
-9999 -9999 -9999 -9999 -9999 -9999 -9999 -9999 -9999 -9999 -9999 -9999 -9999 -9999 -9999 -9999 -9999 -9999 -9999 -9999 -9999 -9999 -9999 -9999 -9999 -9999 -9999 -9999 -9999 -9999 -9999 -9999 -9999 -9999 -9999 -9999 -9999 -9999 -9999 -9999 -9999 -9999 -9999 -9999 -9999 -9999 -9999 -9999 -9999 -9999 -9999 -9999 -9999 -9999 -9999 -9999 -9999 -9999 -9999 -9999 -9999 -9999
-38.0763397216797 -38.0875823974609 -38.0988250732422 -38.1100677490234 -38.0096323649088 -37.9091969807942 -37.8087615966797 -37.7253702799479 -37.6931111653646 -37.6608520507812 -37.6285929361979 -37.6802652994791 -37.815869140625 -37.9514729817708 -38.0870768229166 -38.466323852539 -38.9267852783203 -39.3872467041015 -9999 -9999 -9999 -9999 -9999 -9999 -9999 -9999 -9999 -9999 -9999 -9999 -9999 -9999 -9999 -9999 -9999 -9999 -9999 -9999 -9999 -9999 -9999 -9999 -9999 -9999 -9999 -9999 -9999 -9999 -9999 -9999 -9999 -9999 -9999 -9999 -9999 -9999 -9999 -9999 -9999 -9999 -9999 -9999
-38.0763397216797 -38.0875823974609 -38.0988250732422 -38.1100677490234 -38.0096323649088 -37.9091969807942 -37.8087615966797 -37.7253702799479 -37.6931111653646 -37.6608520507812 -37.6285929361979 -37.6802652994791 -37.815869140625 -37.9514729817708 -38.0870768229166 -38.466323852539 -38.9267852783203 -39.3872467041015 -9999 -9999 -9999 -9999 -9999 -9999 -9999 -9999 -9999 -9999 -9999 -9999 -9999 -9999 -9999 -9999 -9999 -9999 -9999 -9999 -9999 -9999 -9999 -9999 -9999 -9999 -9999 -9999 -9999 -9999 -9999 -9999 -9999 -9999 -9999 -9999 -9999 -9999 -9999 -9999 -9999 -9999 -9999 -9999
-38.0763397216797 -38.0875823974609 -38.0988250732422 -38.1100677490234 -38.0096323649088 -37.9091969807942 -37.8087615966797 -37.7253702799479 -37.6931111653646 -37.6608520507812 -37.6285929361979 -37.6802652994791 -37.815869140625 -37.9514729817708 -38.0870768229166 -38.466323852539 -38.9267852783203 -39.3872467041015 -39.8477081298828 -39.8477081298828 -9999 -9999 -9999 -9999 -9999 -9999 -9999 -9999 -9999 -9999 -9999 -9999 -9999 -9999 -9999 -9999 -9999 -9999 -9999 -9999 -9999 -9999 -9999 -9999 -9999 -9999 -9999 -9999 -9999 -9999 -9999 -9999 -9999 -9999 -9999 -9999 -9999 -9999 -9999 -9999 -9999 -9999
-37.7575659179687 -37.7881005859375 -37.8186352539062 -37.849169921875 -37.7716739908854 -37.6941780598958 -37.6166821289062 -37.5512080891927 -37.5217997233073 -37.4923913574219 -37.4629829915364 -37.5114314778646 -37.6377368164062 -37.7640421549479 -37.8903474934896 -38.2312719726562 -38.6437361653646 -39.0562003580729 -39.4686645507812 -39.0536987304687 -38.6387329101562 -38.2237670898437 -37.8702016194661 -37.7008371988932 -37.5314727783203 -37.3621083577474 -37.2643686930338 -37.2382537841797 -37.2121388753255 -37.1860239664713 -37.3348602294922 -37.5420135498047 -37.7491668701172 -37.9563201904297 -38.1970387776693 -38.4377573649088 -38.6784759521484 -38.9664459228515 -39.3961700439453 -39.825894165039 -40.2556182861328 -40.3668202718099 -40.1595001220703 -39.9521799723307 -39.7448598225911 -9999 -9999 -9999 -9999 -9999 -9999 -9999 -9999 -9999 -9999 -9999 -9999 -9999 -9999 -9999 -9999 -9999
-37.1200183105469 -37.1891369628906 -37.2582556152344 -37.3273742675781 -37.2957572428385 -37.2641402180989 -37.2325231933593 -37.2028837076823 -37.1791768391927 -37.1554699707031 -37.1317631022135 -37.1737638346354 -37.2814721679687 -37.3891805013021 -37.4968888346354 -37.7611682128906 -38.0776379394531 -38.3941076660156 -38.7105773925781 -38.4977681477864 -38.2849589029948 -38.0721496582031 -37.8702016194661 -37.7008371988932 -37.5314727783203 -37.3621083577474 -37.2643686930338 -37.2382537841797 -37.2121388753255 -37.1860239664713 -37.3348602294922 -37.5420135498047 -37.7491668701172 -37.9563201904297 -38.1970387776692 -38.4377573649088 -38.6784759521484 -38.9664459228515 -39.3961700439453 -39.825894165039 -40.2556182861328 -40.3668202718099 -40.1595001220703 -39.9521799723307 -39.7448598225911 -39.6930297851562 -39.6930297851562 -9999 -9999 -9999 -9999 -9999 -9999 -9999 -9999 -9999 -9999 -9999 -9999 -9999 -9999 -9999
-36.482470703125 -36.5901733398437 -36.6978759765625 -36.8055786132812 -36.8198404947916 -36.8341023763021 -36.8483642578125 -36.8545593261719 -36.8365539550781 -36.8185485839844 -36.8005432128906 -36.8360961914062 -36.9252075195312 -37.0143188476562 -37.1034301757812 -37.291064453125 -37.5115397135416 -37.7320149739583 -37.952490234375 -37.9418375651041 -37.9311848958333 -37.9205322265625 -37.8702016194661 -37.7008371988932 -37.5314727783203 -37.3621083577474 -37.2643686930338 -37.2382537841797 -37.2121388753255 -37.1860239664713 -37.3348602294922 -37.5420135498047 -37.7491668701172 -37.9563201904297 -38.1970387776692 -38.4377573649088 -38.6784759521484 -38.9664459228515 -39.3961700439453 -39.825894165039 -40.2556182861328 -40.3668202718099 -40.1595001220703 -39.9521799723307 -39.7448598225911 -39.2402160644531 -38.6364644368489 -38.0327128092448 -37.4289611816406 -37.6872131347656 -37.9454650878906 -38.2037170410156 -9999 -9999 -9999 -9999 -9999 -9999 -9999 -9999 -9999 -9999
-36.1640466308594 -36.2837967936198 -36.4035469563802 -36.5232971191406 -36.5772920735677 -36.6312870279948 -36.6852819824219 -36.7244034830729 -36.7189046223958 -36.7134057617187 -36.7079069010416 -36.7399068196614 -36.8094055175781 -36.8789042154948 -36.9484029134114 -37.0835119628906 -37.2404911295573 -37.3974702962239 -37.5544494628906 -37.5538570149739 -37.5532645670573 -37.5526721191406 -37.5286163330078 -37.4341705322265 -37.3397247314453 -37.245278930664 -37.1973504638672 -37.1959393310547 -37.1945281982422 -37.1931170654297 -37.2664520263672 -37.364702351888 -37.4629526774088 -37.5612030029297 -37.7080527750651 -37.8549025472005 -38.0017523193359 -38.1904437255859 -38.5046600341797 -38.8188763427734 -39.1330926513672 -39.2091505940755 -39.0470501708984 -38.8849497477213 -38.7228493245442 -38.4316516113281 -38.0974214680989 -37.7631913248698 -37.4289611816406 -37.6872131347656 -37.9454650878906 -38.2037170410156 -9999 -9999 -9999 -9999 -9999 -9999 -9999 -9999 -9999 -9999
-35.8456225585937 -35.9774202473958 -36.1092179361979 -36.241015625 -36.3347436523437 -36.4284716796875 -36.5221997070312 -36.5942476399739 -36.6012552897135 -36.6082629394531 -36.6152705891927 -36.6437174479166 -36.693603515625 -36.7434895833333 -36.7933756510416 -36.8759594726562 -36.9694425455729 -37.0629256184896 -37.1564086914062 -37.1658764648437 -37.1753442382812 -37.1848120117187 -37.1870310465495 -37.1675038655599 -37.1479766845703 -37.1284495035807 -37.1303322347005 -37.1536248779297 -37.1769175211588 -37.200210164388 -37.1980438232422 -37.1873911539713 -37.1767384847005 -37.1660858154297 -37.2190667724609 -37.2720477294922 -37.3250286865234 -37.4144415283203 -37.613150024414 -37.8118585205078 -38.0105670166015 -38.0514809163411 -37.9346002197265 -37.817719523112 -37.7008388264974 -37.6230871582031 -37.5583784993489 -37.4936698404948 -37.4289611816406 -37.6872131347656 -37.9454650878906 -38.2037170410156 -38.3974060058594 -38.3974060058594 -9999 -9999 -9999 -9999 -37.9625610351562 -37.9625610351562 -37.9625610351562 -37.9625610351562
-35.3111798095703 -35.470894165039 -35.6306085205078 -35.7903228759765 -35.9328871663411 -36.0754514567057 -36.2180157470703 -36.3311873372396 -36.3561808268229 -36.3811743164062 -36.4061678059896 -36.4340482584635 -36.4648156738281 -36.4955830891927 -36.5263505045573 -36.5620703125 -36.5994409179687 -36.6368115234375 -36.6741821289062 -36.6922233072916 -36.7102644856771 -36.7283056640625 -36.7562007649739 -36.8136576334635 -36.8711145019531 -36.9285713704427 -36.9823030598958 -37.0323095703125 -37.0823160807291 -37.1323225911458 -37.0929895019531 -37.0238765462239 -36.9547635904948 -36.8856506347656 -36.8863732910156 -36.8870959472656 -36.8878186035156 -36.8968155924479 -36.9306355794271 -36.9644555664062 -36.9982755533854 -37.0207881673177 -37.0319934082031 -37.0431986490885 -37.0544038899739 -37.1187103271484 -37.2007171630859 -37.2827239990234 -37.3647308349609 -37.5301499430338 -37.6955690511067 -37.8609881591797 -37.9438171386719 -37.7788757324219 -37.6139343261719 -37.4489929199218 -37.092017211914 -37.2434161376953 -37.3948150634765 -37.5462139892578 -37.4705145263672 -37.3191156005859
-34.560718383789 -34.7642185465495 -34.9677187093099 -35.1712188720703 -35.3717226155599 -35.5722263590495 -35.772730102539 -35.9352225748698 -35.9836812337239 -36.0321398925781 -36.0805985514323 -36.1108992513021 -36.1230419921875 -36.1351847330729 -36.1473274739583 -36.1418444824218 -36.1304862467448 -36.1191280110677 -36.1077697753906 -36.1328975423177 -36.1580253092448 -36.1831530761718 -36.2361254882812 -36.3726318359375 -36.5091381835937 -36.64564453125 -36.7532629394531 -36.8319934082031 -36.9107238769531 -36.9894543457031 -36.9512890625 -36.8741585286458 -36.7970279947916 -36.7198974609375 -36.7099723307291 -36.7000472005208 -36.6901220703125 -36.6375659179687 -36.4571166992187 -36.2766674804687 -36.0962182617187 -36.1170723470052 -36.3392297363281 -36.561387125651 -36.7835445149739 -36.918521118164 -37.0244374593099 -37.1303538004557 -37.2362701416015 -37.2160235595703 -37.195776977539 -37.1755303955078 -37.1740905761719 -37.2290710449219 -37.2840515136719 -37.3390319824219 -36.9910845947265 -36.9406182861328 -36.890151977539 -36.8396856689453 -36.8649188232422 -36.9153851318359
-33.8102569580078 -34.0575429280599 -34.304828898112 -34.552114868164 -34.8105580647786 -35.0690012613932 -35.3274444580078 -35.5392578125 -35.611181640625 -35.68310546875 -35.755029296875 -35.7877502441406 -35.7812683105468 -35.7747863769531 -35.7683044433594 -35.7216186523437 -35.6615315755208 -35.6014444986979 -35.541357421875 -35.5735717773437 -35.6057861328125 -35.6380004882812 -35.7160502115885 -35.9316060384114 -36.1471618652344 -36.3627176920573 -36.5242228190104 -36.6316772460937 -36.7391316731771 -36.8465861002604 -36.8095886230468 -36.7244405110677 -36.6392923990885 -36.5541442871094 -36.5335713704427 -36.512998453776 -36.4924255371093 -36.3783162434896 -35.9835978190104 -35.5888793945312 -35.1941609700521 -35.2133565266927 -35.6464660644531 -36.0795756022135 -36.5126851399739 -36.7183319091797 -36.8481577555338 -36.977983601888 -37.1078094482422 -36.9018971761068 -36.6959849039713 -36.4900726318359 -36.2408111572265 -35.8615020751953 -35.482192993164 -35.1028839111328 -35.067475382487 -35.3759674072265 -35.6844594319661 -35.9929514567057 -36.0035522460937 -35.9148559570312
-33.2805413818359 -33.470815633138 -33.6610898844401 -33.8513641357422 -34.0608310953776 -34.270298055013 -34.4797650146484 -34.6882023111979 -34.8935506184896 -35.0988989257812 -35.3042472330729 -35.4293233235677 -35.4741271972656 -35.5189310709635 -35.5637349446614 -35.4900964355468 -35.3769771321614 -35.263857828776 -35.1507385253906 -35.148799235026 -35.1468599446614 -35.1449206542969 -35.1906274414062 -35.3792724609375 -35.5679174804687 -35.7565625 -35.9796952311198 -36.2373156738281 -36.4949361165364 -36.7525565592448 -36.7247180175781 -36.6017264811198 -36.4787349446614 -36.3557434082031 -36.3152355957031 -36.2747277832031 -36.2342199707031 -36.0948958333333 -35.6591227213541 -35.223349609375 -34.7875764973958 -34.8767443847656 -35.4908532714844 -36.1049621582031 -36.7190710449218 -36.9353216552734 -37.0189528401692 -37.1025840250651 -37.1862152099609 -36.841430867513 -36.4966465250651 -36.1518621826172 -35.8279376220703 -35.5665924072265 -35.3052471923828 -35.043901977539 -35.060492960612 -35.3550201416015 -35.6495473225911 -35.9440745035807 -35.9616577148437 -35.8869262695312
-32.750825805664 -32.8840883382161 -33.0173508707682 -33.1506134033203 -33.3111041259765 -33.4715948486328 -33.632085571289 -33.8371468098958 -34.1759195963541 -34.5146923828125 -34.8534651692708 -35.0708964029948 -35.1669860839844 -35.2630757649739 -35.3591654459635 -35.25857421875 -35.0924226888021 -34.9262711588541 -34.7601196289062 -34.7240266927083 -34.6879337565104 -34.6518408203125 -34.6652046712239 -34.8269388834635 -34.9886730957031 -35.1504073079427 -35.4351676432291 -35.8429541015625 -36.2507405598958 -36.6585270182291 -36.6398474121093 -36.4790124511719 -36.3181774902344 -36.1573425292969 -36.0968998209635 -36.0364571126302 -35.9760144042968 -35.8114754231771 -35.3346476236979 -34.8578198242187 -34.3809920247396 -34.5401322428385 -35.3352404785156 -36.1303487141927 -36.9254569498698 -37.1523114013672 -37.1897479248047 -37.2271844482422 -37.2646209716797 -36.7809645589193 -36.2973081461588 -35.8136517333984 -35.415064086914 -35.2716827392578 -35.1283013916015 -34.9849200439453 -35.053510538737 -35.3340728759765 -35.6146352132161 -35.8951975504557 -35.9197631835937 -35.8589965820312
-32.250927734375 -32.3642700195312 -32.4776123046875 -32.5909545898437 -32.6793351236979 -32.7677156575521 -32.8560961914062 -33.0228997802734 -33.4249725341797 -33.8270452880859 -34.2291180419922 -34.5038857014974 -34.6513482666015 -34.7988108317057 -34.9462733968099 -34.8331732177734 -34.6332187906901 -34.4332643636068 -34.2333099365234 -34.2100823974609 -34.1868548583984 -34.1636273193359 -34.1803485107422 -34.3169158935547 -34.4534832763672 -34.5900506591797 -34.8961529541015 -35.3717901611328 -35.847427368164 -36.3230645751953 -36.3008575439453 -36.1127024332682 -35.9245473225911 -35.736392211914 -35.6725771077474 -35.6087620035807 -35.544946899414 -35.4010807291666 -35.0170613606771 -34.6330419921875 -34.2490226236979 -34.4153971354166 -35.1321655273437 -35.8489339192708 -36.5657023111979 -36.7456927490234 -36.7467572021484 -36.7478216552734 -36.7488861083984 -36.2678346761067 -35.7867832438151 -35.3057318115234 -34.9141975911458 -34.7912150065104 -34.668232421875 -34.5452498372396 -34.6211006673177 -34.8957849121093 -35.170469156901 -35.4451534016927 -35.5609777832031 -35.6238488769531
-31.7808471679687 -31.9113606770833 -32.0418741861979 -32.1723876953125 -32.1655240885416 -32.1586604817708 -32.151796875 -32.2454612223307 -32.6407094319661 -33.0359576416015 -33.431205851237 -33.7282912190755 -33.9272137451172 -34.1261362711588 -34.3250587972005 -34.2138934326172 -33.9993654378255 -33.7848374430338 -33.5703094482422 -33.6069663492838 -33.6436232503255 -33.6802801513672 -33.7360589599609 -33.8492034912109 -33.9623480224609 -34.0754925537109 -34.362651163737 -34.823823852539 -35.2849965413411 -35.7461692301432 -35.7077484130859 -35.5027964274088 -35.2978444417317 -35.0928924560547 -35.0422674560547 -34.9916424560547 -34.9410174560547 -34.8637117513021 -34.7063639322916 -34.5490161132812 -34.3916682942708 -34.5025390625 -34.8816284179687 -35.2607177734375 -35.6398071289062 -35.7154656982422 -35.6899806722005 -35.6644956461588 -35.6390106201172 -35.3020412190755 -34.9650718180338 -34.6281024169922 -34.3253381347656 -34.1251892089844 -33.9250402832031 -33.7248913574218 -33.7632633463541 -34.04015625 -34.3170491536458 -34.5939420572916 -34.8853015136719 -35.1814831542969
-31.3107666015625 -31.4584513346354 -31.6061360677083 -31.7538208007812 -31.6517130533854 -31.5496053059896 -31.4474975585937 -31.468022664388 -31.8564463297526 -32.2448699951172 -32.6332936604817 -32.9526967366536 -33.2030792236328 -33.453461710612 -33.7038441975911 -33.5946136474609 -33.3655120849609 -33.1364105224609 -32.9073089599609 -33.0038503011068 -33.1003916422526 -33.1969329833984 -33.2917694091797 -33.3814910888672 -33.4712127685547 -33.5609344482422 -33.8291493733724 -34.2758575439453 -34.7225657145182 -35.1692738850911 -35.1146392822265 -34.8928904215495 -34.6711415608724 -34.4493927001953 -34.411957804362 -34.3745229085286 -34.3370880126953 -34.3263427734375 -34.3956665039062 -34.464990234375 -34.5343139648437 -34.5896809895833 -34.6310913085937 -34.6725016276041 -34.7139119466146 -34.6852386474609 -34.6332041422526 -34.5811696370442 -34.5291351318359 -34.3362477620442 -34.1433603922526 -33.9504730224609 -33.7364786783854 -33.4591634114583 -33.1818481445312 -32.9045328776041 -32.9054260253906 -33.1845275878906 -33.4636291503906 -33.7427307128906 -34.2096252441406 -34.7391174316406
-30.5599462890625 -30.7660262044271 -30.9721061197916 -31.1781860351562 -31.2109187825521 -31.2436515299479 -31.2763842773437 -31.3647068277995 -31.6197987874349 -31.8748907470703 -32.1299827067057 -32.3758197021484 -32.6124017333984 -32.8489837646484 -33.0855657958984 -33.0243292236328 -32.8638197835286 -32.7033103434245 -32.5428009033203 -32.5641225179036 -32.585444132487 -32.6067657470703 -32.6569602457682 -32.7937733968099 -32.9305865478515 -33.0673996988932 -33.278940633138 -33.5652093505859 -33.8514780680338 -34.1377467854818 -34.3081719970703 -34.4399827067057 -34.5717934163411 -34.7036041259765 -34.4663987223307 -34.2291933186849 -33.991987915039 -33.7905993652343 -33.6966613769531 -33.6027233886718 -33.5087854003906 -33.5151411946614 -33.6217907714844 -33.7284403483073 -33.8350899251302 -33.745903930664 -33.5914394124349 -33.4369748942057 -33.2825103759765 -33.1714426676432 -33.0603749593099 -32.9493072509765 -32.7942464192708 -32.5072062174479 -32.220166015625 -31.9331258138021 -31.8640653483073 -32.0129846191406 -32.1619038899739 -32.3108231608073 -32.7964770507812 -33.3943758138021
-29.8091259765625 -30.0736010742187 -30.338076171875 -30.6025512695312 -30.7701245117187 -30.9376977539062 -31.1052709960937 -31.2613909912109 -31.3831512451172 -31.5049114990234 -31.6266717529297 -31.7989426676432 -32.021724243164 -32.2445058186849 -32.4672873942057 -32.4540447998047 -32.3621274820963 -32.270210164388 -32.1782928466797 -32.1243947347005 -32.0704966227213 -32.0165985107422 -32.0221510823567 -32.2060557047526 -32.3899603271484 -32.5738649495442 -32.7287318929036 -32.8545611572265 -32.9803904215495 -33.1062196858724 -33.501704711914 -33.987074991862 -34.4724452718099 -34.9578155517578 -34.5208396402995 -34.0838637288411 -33.6468878173828 -33.2548559570312 -32.99765625 -32.7404565429687 -32.4832568359375 -32.4406013997396 -32.612490234375 -32.7843790690104 -32.9562679036458 -32.8065692138672 -32.5496746826172 -32.2927801513672 -32.0358856201172 -32.0066375732422 -31.9773895263672 -31.9481414794922 -31.8520141601562 -31.5552490234375 -31.2584838867187 -30.96171875 -30.8227046712239 -30.8414416503906 -30.8601786295573 -30.8789156087239 -31.3833288574219 -32.0496341959635
-28.9442095947265 -29.2372947184245 -29.5303798421224 -29.8234649658203 -30.0255401611328 -30.2276153564453 -30.4296905517578 -30.5878745524088 -30.6143849690755 -30.6408953857422 -30.6674058024088 -30.7840858968099 -30.9909356689453 -31.1977854410807 -31.4046352132161 -31.4414184570312 -31.4215128580729 -31.4016072591146 -31.3817016601562 -31.3046346028646 -31.2275675455729 -31.1505004882812 -31.1475472005208 -31.3669352213541 -31.5863232421875 -31.8057112630208 -31.9448299153646 -32.0036791992187 -32.0625284830729 -32.1213777669271 -32.4813397216797 -32.9416725667317 -33.4020054117838 -33.8623382568359 -33.489702351888 -33.1170664469401 -32.7444305419922 -32.3726578776041 -32.0034749348958 -31.6342919921875 -31.2651090494791 -31.2221089680989 -31.5052917480469 -31.7884745279948 -32.0716573079427 -31.923599243164 -31.6317942301432 -31.3399892171224 -31.0481842041015 -30.9355076090495 -30.8228310139974 -30.7101544189453 -30.5465460205078 -30.230142211914 -29.9137384033203 -29.5973345947265 -29.5627500406901 -29.8099847412109 -30.0572194417317 -30.3044541422526 -30.8486663818359 -31.4918711344401
-27.9651971435547 -28.2571071370443 -28.5490171305338 -28.8409271240234 -28.9771657307943 -29.1134043375651 -29.2496429443359 -29.3441575113932 -29.3134999593099 -29.2828424072265 -29.2521848551432 -29.3312493896484 -29.5200360107422 -29.7088226318359 -29.8976092529297 -29.9864501953125 -30.0419759114583 -30.0975016276041 -30.15302734375 -30.1048421223958 -30.0566569010416 -30.0084716796875 -30.0331486002604 -30.2764119466146 -30.5196752929687 -30.7629386393229 -30.9272347005208 -31.0125634765625 -31.0978922526041 -31.1832210286458 -31.2470770263672 -31.3037754313151 -31.360473836263 -31.4171722412109 -31.3729868570963 -31.3288014729818 -31.2846160888672 -31.1440051269531 -30.7141174316406 -30.2842297363281 -29.8543420410156 -29.8596638997396 -30.3001953125 -30.7407267252604 -31.1812581380208 -31.0969940185547 -30.837798055013 -30.5786020914713 -30.3194061279297 -29.9580527750651 -29.5966994222005 -29.2353460693359 -28.8778420003255 -28.5318857828776 -28.1859295654297 -27.8399733479817 -28.0842014567057 -28.9186138916015 -29.7530263264974 -30.5874387613932 -31.1924896240234 -31.7210866292317
-26.9861846923828 -27.276919555664 -27.5676544189453 -27.8583892822265 -27.9287913004557 -27.9991933186849 -28.069595336914 -28.1004404703776 -28.0126149495443 -27.9247894287109 -27.8369639078776 -27.878412882487 -28.049136352539 -28.2198598225911 -28.3905832926432 -28.5314819335937 -28.6624389648437 -28.7933959960937 -28.9243530273437 -28.9050496419271 -28.8857462565104 -28.8664428710937 -28.91875 -29.185888671875 -29.45302734375 -29.720166015625 -29.9096394856771 -30.0214477539062 -30.1332560221354 -30.2450642903646 -30.0128143310547 -29.6658782958984 -29.3189422607422 -28.9720062255859 -29.2562713623047 -29.5405364990234 -29.8248016357422 -29.9153523763021 -29.4247599283854 -28.9341674804687 -28.4435750325521 -28.4972188313802 -29.0950988769531 -29.692978922526 -30.2908589680989 -30.2703887939453 -30.0438018798828 -29.8172149658203 -29.5906280517578 -28.9805979410807 -28.3705678304036 -27.7605377197265 -27.2091379801432 -26.8336293538411 -26.458120727539 -26.082612101237 -26.6056528727213 -28.0272430419922 -29.448833211263 -30.8704233805338 -31.2258209228515 -31.2258209228515
