data/climate/maas/min_precip.asc
NCOLS 360 
NROWS 180 
XLLCORNER -180 
YLLCORNER -90 
CELLSIZE 1 
NODATA_value -9999 
[rows 0 to 26 of 180, columns 240 to 299 of 360]
-9999 -9999 -9999 -9999 -9999 -9999 -9999 -9999 -9999 -9999 -9999 -9999 -9999 -9999 -9999 -9999 -9999 -9999 -9999 -9999 -9999 -9999 -9999 -9999 -9999 -9999 -9999 -9999 -9999 -9999 -9999 -9999 -9999 -9999 -9999 -9999 -9999 -9999 -9999 -9999 -9999 -9999 -9999 -9999 -9999 -9999 -9999 -9999 -9999 -9999 -9999 -9999 -9999 -9999 -9999 -9999 -9999 -9999 -9999 -9999
-9999 -9999 -9999 -9999 -9999 -9999 -9999 -9999 -9999 -9999 -9999 -9999 -9999 -9999 -9999 -9999 -9999 -9999 -9999 -9999 -9999 -9999 -9999 -9999 -9999 -9999 -9999 -9999 -9999 -9999 -9999 -9999 -9999 -9999 -9999 -9999 -9999 -9999 -9999 -9999 -9999 -9999 -9999 -9999 -9999 -9999 -9999 -9999 -9999 -9999 -9999 -9999 -9999 -9999 -9999 -9999 -9999 -9999 -9999 -9999
-9999 -9999 -9999 -9999 -9999 -9999 -9999 -9999 -9999 -9999 -9999 -9999 -9999 -9999 -9999 -9999 -9999 -9999 -9999 -9999 -9999 -9999 -9999 -9999 -9999 -9999 -9999 -9999 -9999 -9999 -9999 -9999 -9999 -9999 -9999 -9999 -9999 -9999 -9999 -9999 -9999 -9999 -9999 -9999 -9999 -9999 -9999 -9999 -9999 -9999 -9999 -9999 -9999 -9999 -9999 -9999 -9999 -9999 -9999 -9999
-9999 -9999 -9999 -9999 -9999 -9999 -9999 -9999 -9999 -9999 -9999 -9999 -9999 -9999 -9999 -9999 -9999 -9999 -9999 -9999 -9999 -9999 -9999 -9999 -9999 -9999 -9999 -9999 -9999 -9999 -9999 -9999 -9999 -9999 -9999 -9999 -9999 -9999 -9999 -9999 -9999 -9999 -9999 -9999 -9999 -9999 -9999 -9999 -9999 -9999 -9999 -9999 -9999 -9999 -9999 -9999 -9999 -9999 -9999 -9999
-9999 -9999 -9999 -9999 -9999 -9999 -9999 -9999 -9999 -9999 -9999 -9999 -9999 -9999 -9999 -9999 -9999 -9999 -9999 -9999 -9999 -9999 -9999 -9999 -9999 -9999 -9999 -9999 -9999 -9999 -9999 -9999 -9999 -9999 -9999 -9999 -9999 -9999 -9999 -9999 -9999 -9999 -9999 -9999 -9999 -9999 -9999 -9999 -9999 -9999 -9999 -9999 -9999 -9999 -9999 -9999 -9999 -9999 -9999 -9999
-9999 -9999 -9999 -9999 -9999 -9999 -9999 -9999 -9999 -9999 -9999 -9999 -9999 -9999 -9999 -9999 -9999 -9999 -9999 -9999 -9999 -9999 -9999 -9999 -9999 -9999 -9999 -9999 -9999 -9999 -9999 -9999 -9999 -9999 -9999 -9999 -9999 -9999 -9999 -9999 -9999 -9999 -9999 -9999 -9999 -9999 -9999 -9999 -9999 -9999 -9999 -9999 -9999 -9999 -9999 -9999 -9999 -9999 -9999 -9999
-9999 -9999 -9999 -9999 -9999 -9999 -9999 -9999 -9999 -9999 -9999 -9999 -9999 -9999 -9999 -9999 -9999 -9999 -9999 -9999 -9999 -9999 -9999 -9999 -9999 -9999 -9999 -9999 -9999 -9999 -9999 -9999 -9999 -9999 -9999 -9999 -9999 -9999 -9999 -9999 -9999 -9999 -9999 -9999 -9999 -9999 -9999 -9999 -9999 -9999 -9999 -9999 -9999 -9999 -9999 -9999 -9999 -9999 -9999 -9999
-9999 -9999 -9999 -9999 -9999 -9999 -9999 -9999 -9999 -9999 -9999 -9999 -9999 -9999 -9999 -9999 -9999 -9999 -9999 -9999 -9999 -9999 -9999 -9999 -9999 -9999 -9999 -9999 -9999 -9999 -9999 -9999 -9999 -9999 -9999 -9999 -9999 -9999 -9999 -9999 -9999 -9999 -9999 -9999 -9999 -9999 -9999 -9999 -9999 -9999 -9999 -9999 -9999 -9999 -9999 -9999 -9999 -9999 -9999 -9999
-9999 -9999 -9999 -9999 -9999 -9999 -9999 -9999 -9999 -9999 -9999 -9999 -9999 -9999 -9999 -9999 -9999 -9999 -9999 -9999 -9999 -9999 -9999 -9999 -9999 -9999 -9999 -9999 -9999 -9999 -9999 -9999 -9999 -9999 -9999 -9999 -9999 -9999 -9999 -9999 -9999 -9999 -9999 -9999 -9999 -9999 -9999 -9999 -9999 -9999 -9999 -9999 -9999 -9999 -9999 -9999 -9999 -9999 -9999 -9999
-9999 -9999 -9999 -9999 -9999 -9999 -9999 -9999 -9999 -9999 -9999 -9999 -9999 -9999 -9999 -9999 -9999 -9999 -9999 -9999 -9999 -9999 -9999 -9999 -9999 -9999 -9999 -9999 -9999 -9999 -9999 -9999 -9999 -9999 -9999 -9999 -9999 -9999 -9999 -9999 -9999 -9999 -9999 -9999 -9999 -9999 -9999 -9999 -9999 -9999 -9999 -9999 -9999 -9999 -9999 -9999 -9999 -9999 -9999 -9999
-9999 -9999 -9999 -9999 -9999 -9999 -9999 -9999 -9999 -9999 -9999 -9999 -9999 -9999 -9999 -9999 -9999 -9999 -9999 -9999 -9999 -9999 -9999 -9999 -9999 -9999 -9999 -9999 -9999 -9999 -9999 -9999 -9999 -9999 -9999 -9999 -9999 -9999 -9999 -9999 -9999 -9999 -9999 -9999 -9999 0.422379554947838 0.389180303318426 0.355981051689014 0.322781800059602 0.321663499635179 0.331238849612419 0.340814199589659 0.350389549566898 0.345722327765543 0.341055105964188 0.336387884162832 0.334077561856247 0.338837938033976 0.343598314211704 0.348358690389432
-9999 -9999 -9999 -9999 -9999 -9999 -9999 -9999 -9999 -9999 -9999 -9999 -9999 -9999 -9999 -9999 -9999 -9999 -9999 -9999 -9999 -9999 -9999 -9999 -9999 -9999 -9999 -9999 -9999 -9999 -9999 -9999 -9999 -9999 -9999 -9999 -9999 -9999 -9999 -9999 -9999 -9999 -9999 0.438979180762544 0.438979180762544 0.422379554947838 0.389180303318426 0.355981051689014 0.322781800059602 0.321663499635179 0.331238849612419 0.340814199589659 0.350389549566898 0.345722327765543 0.341055105964188 0.336387884162832 0.334077561856247 0.338837938033976 0.343598314211704 0.348358690389432
0.374956527957693 0.364515505498275 0.354074483038858 0.34363346057944 -9999 -9999 -9999 -9999 -9999 -9999 -9999 -9999 -9999 -9999 -9999 -9999 -9999 -9999 -9999 -9999 -9999 -9999 -9999 -9999 -9999 -9999 -9999 -9999 -9999 -9999 -9999 -9999 -9999 -9999 -9999 -9999 -9999 0.336935691302642 0.322983583901078 0.309031476499513 0.295079369097948 0.294906214694493 0.336069919285364 0.377233623876236 0.418397328467108 0.422379554947838 0.389180303318426 0.355981051689014 0.322781800059602 0.321663499635179 0.331238849612419 0.340814199589659 0.350389549566898 0.345722327765543 0.341055105964188 0.336387884162832 0.334077561856247 0.338837938033976 0.343598314211704 0.348358690389432
0.374956527957693 0.364515505498275 0.354074483038858 0.34363346057944 -9999 -9999 -9999 -9999 -9999 -9999 -9999 -9999 -9999 -9999 -9999 -9999 -9999 -9999 -9999 -9999 -9999 -9999 -9999 -9999 -9999 -9999 -9999 -9999 -9999 -9999 -9999 -9999 -9999 -9999 -9999 -9999 -9999 0.336935691302642 0.322983583901078 0.309031476499513 0.295079369097948 0.290908802300692 0.31608285731636 0.341256912332028 0.366430967347696 0.37021082744468 0.352596492622979 0.334982157801278 0.317367822979577 0.316559170489199 0.321352412109263 0.326145653729327 0.330938895349391 0.328674540971406 0.326410186593421 0.324145832215436 0.325499322032556 0.337706344434991 0.349913366837427 0.362120389239863
0.374956527957693 0.364515505498275 0.354074483038858 0.34363346057944 0.341023204964586 0.341023204964586 -9999 -9999 -9999 -9999 -9999 -9999 -9999 -9999 -9999 -9999 -9999 -9999 -9999 -9999 -9999 -9999 -9999 -9999 -9999 -9999 -9999 -9999 -9999 -9999 -9999 -9999 -9999 -9999 -9999 -9999 0.336935691302642 0.336935691302642 0.322983583901078 0.309031476499513 0.295079369097948 0.286911389906891 0.296095795347355 0.30528020078782 0.314464606228285 0.318042099941522 0.316012681927532 0.313983263913542 0.311953845899552 0.31145484134322 0.311465974606108 0.311477107868996 0.311488241131883 0.311626754177269 0.311765267222654 0.31190378026804 0.316921082208864 0.336574750836007 0.35622841946315 0.375882088090293
0.374956527957693 0.364515505498275 0.354074483038858 0.34363346057944 0.346011092187837 0.352661608485505 0.359312124783173 0.365962641080841 0.359582179225981 0.353201717371121 0.346821255516261 0.349058165447786 0.377147190738469 0.405236216029152 0.433325241319835 0.45378620037809 0.466619093203917 0.479451986029744 0.492284878855571 0.438540949980961 0.362604747206206 0.28666854443145 0.210732341656694 0.236830109643051 0.262927877629409 0.289025645615766 0.310540787468199 0.318308050918858 0.326075314369518 0.333842577820178 0.3449347615242 0.359351865481585 0.37376896943897 0.388186073396355 0.38338442472741 0.372176525183022 0.360968625638634 0.349760726094246 0.334101116051897 0.318441506009549 0.3027818959672 0.290800733899232 0.289854915754404 0.288909097609576 0.287963279464748 0.289836416370235 0.294528508326039 0.299220600281842 0.303912692237645 0.311033900594339 0.318964814417996 0.326895728241652 0.334826642065309 0.328968578134663 0.323110514204018 0.317252450273372 0.316942812816706 0.333278454781976 0.349614096747246 0.365949738712516
0.374956527957693 0.364515505498275 0.354074483038858 0.34363346057944 0.346011092187837 0.352661608485505 0.359312124783173 0.365962641080841 0.359582179225981 0.353201717371121 0.346821255516261 0.349058165447786 0.377147190738469 0.405236216029152 0.433325241319835 0.45378620037809 0.466619093203917 0.479451986029744 0.492284878855571 0.438540949980961 0.362604747206206 0.28666854443145 0.210732341656694 0.236830109643051 0.262927877629409 0.289025645615766 0.310540787468199 0.318308050918858 0.326075314369518 0.333842577820178 0.3449347615242 0.359351865481585 0.37376896943897 0.388186073396355 0.388514438644052 0.384146557655185 0.379778676666319 0.375410795677453 0.356336180353537 0.337261565029621 0.318186949705705 0.302576834277716 0.297360218537506 0.292143602797296 0.286926987057086 0.285593776730821 0.288143971818499 0.290694166906178 0.293244361993857 0.315296348242555 0.343848931544926 0.372401514847297 0.400954098149668 0.38070001284359 0.360445927537512 0.340191842231434 0.325564513856079 0.327817456272896 0.330070398689713 0.33232334110653
-9999 -9999 -9999 -9999 0.397296583978459 0.38685193634592 0.376407288713381 0.365962641080841 0.359582179225981 0.353201717371121 0.346821255516261 0.349058165447786 0.377147190738469 0.405236216029152 0.433325241319835 0.45378620037809 0.466619093203917 0.479451986029744 0.492284878855571 0.438540949980961 0.362604747206206 0.28666854443145 0.210732341656694 0.236830109643051 0.262927877629409 0.289025645615766 0.310540787468199 0.318308050918858 0.326075314369518 0.333842577820178 0.3449347615242 0.359351865481585 0.37376896943897 0.388186073396355 0.393644452560693 0.396116590127349 0.398588727694005 0.401060865260661 0.378571244655177 0.356081624049693 0.33359200344421 0.314352934656199 0.304865521320608 0.295378107985016 0.285890694649424 0.281351137091406 0.28175943531096 0.282167733530514 0.282576031750068 0.319558795890771 0.368733048671857 0.417907301452942 0.467081554234028 0.432431447552517 0.397781340871006 0.363131234189495 0.334186214895453 0.322356457763817 0.310526700632181 0.298696943500545
-9999 -9999 -9999 -9999 0.409609542111866 0.415582171990536 0.421554801869206 0.427527431747876 0.417240864713676 0.406954297679476 0.396667730645277 0.390912303118967 0.398750294116326 0.406588285113685 0.414426276111044 0.419890560326166 0.422981137759052 0.426071715191938 0.429162292624824 0.410968014708487 0.385678785009077 0.360389555309666 0.335100325610256 0.325619286712026 0.316138247813797 0.306657208915567 0.302052660437766 0.312077583221253 0.32210250600474 0.332127428788226 0.346820305217989 0.366181135294028 0.385541965370066 0.404902795446105 0.408583506010473 0.40703751007095 0.405491514131427 0.403945518191904 0.391345135169104 0.378744752146304 0.366144369123504 0.361276606621686 0.379606705682818 0.397936804743949 0.416266903805081 0.399022854224313 0.346204656001646 0.293386457778979 0.240568259556312 0.254507057543378 0.290698187600356 0.326889317657333 0.36308044771431 0.40112773765577 0.43917502759723 0.47722231753869 0.490317493735347 0.428556328697596 0.366795163659845 0.305033998622093
-9999 -9999 0.405130069702864 0.405130069702864 0.421922500245273 0.444312407635152 0.466702315025032 0.489092222414911 0.474899550201371 0.460706877987832 0.446514205774292 0.432766440790147 0.420353397494182 0.407940354198217 0.395527310902253 0.385994920274243 0.379343182314187 0.372691444354132 0.366039706394076 0.383395079436013 0.408752822811948 0.434110566187883 0.459468309563817 0.414408463781001 0.369348617998185 0.324288772215368 0.293564533407334 0.305847115523648 0.318129697639961 0.330412279756274 0.348705848911777 0.37301040510647 0.397314961301163 0.421619517495856 0.423522559460253 0.417958430014551 0.412394300568849 0.406830171123147 0.40411902568303 0.401407880242914 0.398696734802797 0.408200278587174 0.454347890045028 0.500495501502883 0.546643112960737 0.51669457135722 0.410649876692332 0.304605182027444 0.198560487362556 0.189455319195986 0.212663326528855 0.235871333861724 0.259079341194592 0.369824027759023 0.480568714323454 0.591313400887884 0.646448772575241 0.534756199631374 0.423063626687508 0.311371053743642
0.516956683946773 0.495756237767637 0.4745557915885 0.453355345409364 0.468945275642909 0.496798664680682 0.524652053718455 0.552505442756228 0.530041650985368 0.507577859214507 0.485114067443646 0.462870395451318 0.441287082794588 0.419703770137858 0.398120457481127 0.38023698393954 0.366053349513095 0.35186971508665 0.337686080660205 0.366485483245924 0.409612564835697 0.452739646425471 0.495866728015244 0.453294486505911 0.410722244996578 0.368150003487244 0.336755901575089 0.338896218454465 0.341036535333842 0.343176852213219 0.353339796653017 0.371525368653238 0.389710940653458 0.407896512653679 0.416649957303889 0.422259359504096 0.427868761704303 0.43347816390451 0.427505586412735 0.42153300892096 0.415560431429185 0.423843939439394 0.474895703955553 0.525947468471713 0.576999232987873 0.548646630370058 0.440889660618268 0.333132690866478 0.225375721114688 0.202462074958021 0.207829536666395 0.213196998374769 0.218564460083144 0.338289610954234 0.458014761825325 0.577739912696416 0.64512172609102 0.555473527056165 0.46582532802131 0.376177128986456
0.528403394389898 0.530096369097009 0.531789343804121 0.533482318511233 0.550677868304774 0.573040943127126 0.595404017949477 0.617767092771828 0.582667167065665 0.547567241359502 0.512467315653339 0.481224167102482 0.461551350017544 0.441878532932606 0.422205715847667 0.402616751322057 0.383111639355775 0.363606527389493 0.344101415423211 0.360239226138219 0.388258011080325 0.41627679602243 0.444295580964535 0.442277354886755 0.440259128808975 0.438240902731195 0.431626764941029 0.411224892013706 0.390823019086383 0.37042114615906 0.36072214844171 0.361726025934331 0.362729903426953 0.363733780919574 0.387965699541382 0.419940298539586 0.45191489753779 0.483889496535994 0.461504817358218 0.439120138180442 0.416735459002666 0.408207589178346 0.441250147414394 0.474292705650441 0.507335263886489 0.494879031262826 0.436924007779453 0.37896898429608 0.321013960812707 0.293527324829483 0.276196818012977 0.258866311196471 0.241535804379964 0.306524487241404 0.371513170102844 0.436501852964284 0.486336354282685 0.490708310971968 0.495080267661251 0.499452224350534
0.539850104833022 0.564436500426382 0.589022896019742 0.613609291613102 0.632410460966639 0.649283221573569 0.666155982180499 0.683028742787428 0.635292683145963 0.587556623504497 0.539820563863032 0.499577938753646 0.4818156172405 0.464053295727354 0.446290974214207 0.424996518704575 0.400169929198455 0.375343339692336 0.350516750186216 0.353992969030514 0.366903457324952 0.379813945619389 0.392724433913827 0.4312602232676 0.469796012621373 0.508331801975146 0.52649762830697 0.483553565572947 0.440609502838925 0.397665440104902 0.368104500230402 0.351926683215424 0.335748866200447 0.31957104918547 0.359281441778876 0.417621237575077 0.475961033371277 0.534300829167478 0.495504048303701 0.456707267439924 0.417910486576147 0.392571238917299 0.407604590873234 0.422637942829169 0.437671294785105 0.441111432155594 0.432958354940638 0.424805277725682 0.416652200510725 0.384592574700946 0.344564099359559 0.304535624018172 0.264507148676785 0.274759363528574 0.285011578380363 0.295263793232152 0.327550982474349 0.425943094887771 0.524335207301192 0.622727319714613
0.614331912249327 0.638242319924757 0.662152727600187 0.686063135275617 0.699399310047738 0.709210740518756 0.719022170989774 0.728833601460792 0.724208213738166 0.719582826015539 0.714957438292913 0.709783613740001 0.702964478696231 0.696145343652461 0.689326208608691 0.640505622897763 0.549683586519677 0.458861550141592 0.368039513763506 0.357917551067658 0.374695612932555 0.391473674797453 0.408251736662351 0.449296657112427 0.490341577562504 0.53138649801258 0.552569384104572 0.514166167122312 0.475762950140052 0.437359733157791 0.412888039718382 0.402347869821824 0.391807699925266 0.381267530028708 0.395998801337555 0.419153886381537 0.442308971425518 0.4654640564695 0.457447480643168 0.449430904816836 0.441414328990504 0.433756925049238 0.427177036763169 0.4205971484771 0.414017260191031 0.409781981958076 0.407891313778237 0.406000645598397 0.404109977418557 0.381754757225281 0.352578019694192 0.323401282163104 0.294224544632016 0.302169726550346 0.310114908468677 0.318060090387007 0.340300607378595 0.405427129589953 0.47055365180131 0.535680174012668
0.688813719665632 0.712048139423132 0.735282559180632 0.758516978938133 0.766388159128837 0.769138259463944 0.77188835979905 0.774638460134156 0.813123744330369 0.851609028526582 0.890094312722795 0.919989288726356 0.924113340151962 0.928237391577568 0.932361443003174 0.856014727090951 0.699197243840899 0.542379760590848 0.385562277340796 0.361842133104801 0.382487768540159 0.403133403975517 0.423779039410874 0.467333090957254 0.510887142503634 0.554441194050014 0.578641139902174 0.544778768671677 0.510916397441179 0.477054026210681 0.457671579206362 0.452769056428224 0.447866533650085 0.442964010871947 0.432716160896234 0.420686535187997 0.40865690947976 0.396627283771522 0.419390912982635 0.442154542193748 0.464918171404861 0.474942611181177 0.446749482653104 0.41855635412503 0.390363225596957 0.378452531760558 0.382824272615835 0.387196013471112 0.391567754326388 0.378916939749615 0.360591940028826 0.342266940308036 0.323941940587247 0.329580089572119 0.33521823855699 0.340856387541862 0.35305023228284 0.384911164292134 0.416772096301429 0.448633028310724
0.766531941248104 0.790861048037186 0.815190154826269 0.839519261615351 0.842942162649706 0.839396328432485 0.835850494215265 0.832304659998044 0.893452751683071 0.954600843368098 1.01574893505313 1.06239609641489 1.06554046680685 1.06868483719882 1.07182920759078 0.995355470222421 0.839263625093736 0.683171779965051 0.527079934836365 0.48311756097246 0.476531677530147 0.469945794087835 0.463359910645522 0.509617387899198 0.555874865152873 0.602132342406549 0.628113825106993 0.593267324147746 0.558420823188499 0.523574322229251 0.501660277484916 0.492678688955493 0.48369710042607 0.474715511896648 0.452759717940353 0.426479188841768 0.400198659743182 0.373918130644597 0.407945321523584 0.441972512402572 0.475999703281559 0.493404135340825 0.460940290940925 0.428476446541026 0.396012602141127 0.381066346541047 0.383637679740787 0.386209012940526 0.388780346140265 0.380541612685192 0.368699523678515 0.356857434671838 0.345015345665161 0.348991353821475 0.35296736197779 0.356943370134104 0.365557879500557 0.388087892497424 0.410617905494291 0.433147918491159
0.847486576996744 0.87468104576692 0.901875514537096 0.929069983307272 0.929061320610344 0.919984947424382 0.91090857423842 0.901832201052457 0.965195235796273 1.02855827054009 1.0919213052839 1.13700403680559 1.1272458586609 1.11748768051621 1.10772950237151 1.05852785229217 0.969882730278187 0.8812376082642 0.792592486250214 0.721743834670633 0.65682733990252 0.591910845134407 0.526994350366294 0.576149547938257 0.625304745510221 0.674459943082184 0.700987439719029 0.65963183355052 0.618276227382012 0.576920621213503 0.544854134554043 0.522076767403632 0.499299400253221 0.47652203310281 0.456129472469911 0.436531847342849 0.416934222215787 0.397336597088724 0.423110706266016 0.448884815443307 0.474658924620599 0.48914149752818 0.469749461626634 0.450357425725088 0.430965389823541 0.417623426299542 0.410331535153091 0.40303964400664 0.395747752860188 0.386628776032012 0.37690077064326 0.367172765254509 0.357444759865757 0.360403519298416 0.363362278731074 0.366321038163733 0.377823549031746 0.414957314205822 0.452091079379898 0.489224844553974
