data/climate/maas/min_temp.asc
NCOLS 360 
NROWS 180 
XLLCORNER -180 
YLLCORNER -90 
CELLSIZE 1 
NODATA_value -9999 
[rows 28 to 55 of 180, columns 124 to 185 of 360]
-25.6779010009765 -25.9883689371745 -26.2988368733724 -26.6093048095703 -26.6470717366536 -26.684838663737 -26.7226055908203 -26.7395318603515 -26.6939361572265 -26.6483404541015 -26.6027447509765 -26.6778306070963 -26.8735980224609 -27.0693654378255 -27.2651328531901 -27.3607250976562 -27.4229256184896 -27.4851261393229 -27.5473266601562 -27.6333878580729 -27.7194490559896 -27.8055102539062 -27.8951985677083 -27.9957682291666 -28.096337890625 -28.1969075520833 -28.4680069986979 -28.9096362304687 -29.3512654622396 -29.7928946940104 -29.5611529541015 -29.1049542236328 -28.648755493164 -28.1925567626953 -28.1798557535807 -28.1671547444661 -28.1544537353515 -28.0922880045573 -27.8817281087239 -27.6711682128906 -27.4606083170573 -27.554599609375 -27.9531420898437 -28.3516845703125 -28.7502270507812 -28.5227862548828 -28.086684366862 -27.6505824788411 -27.2144805908203 -26.5138450113932 -25.8132094319661 -25.112573852539 -24.8317974853515 -25.8105987548828 -26.789400024414 -27.7682012939453 -28.653364461263 -29.4448895263672 -30.2364145914713 -31.0279396565755 -31.2258209228515 -31.2258209228515
-24.3696173095703 -24.6998183186849 -25.0300193277995 -25.360220336914 -25.3653521728515 -25.370484008789 -25.3756158447265 -25.3786232503255 -25.3752573649088 -25.3718914794922 -25.3685255940755 -25.4772483317057 -25.6980596923828 -25.9188710530599 -26.139682413737 -26.1899682617187 -26.1834122721354 -26.1768562825521 -26.1703002929687 -26.3617260742187 -26.5531518554687 -26.7445776367187 -26.8716471354166 -26.8056477864583 -26.7396484375 -26.6736490885416 -27.0263745117187 -27.7978247070312 -28.5692749023437 -29.3407250976562 -29.1094915771484 -28.5440301513672 -27.9785687255859 -27.4131072998047 -27.1034401448568 -26.7937729899088 -26.4841058349609 -26.2692236328125 -26.3386962890625 -26.4081689453125 -26.4776416015625 -26.6119803873698 -26.8111853027343 -27.0103902180989 -27.2095951334635 -26.7751837158203 -26.1295668538411 -25.483949991862 -24.8383331298828 -24.0470920817057 -23.2558510335286 -22.4646099853515 -22.4544569905599 -24.7875681559245 -27.120679321289 -29.4537904866536 -30.7010760498047 -30.8625360107422 -31.0239959716797 -31.1854559326172 -9999 -9999
-22.9984143066406 -23.3058825683594 -23.6133508300781 -23.9208190917969 -23.9151444498698 -23.9094698079427 -23.9037951660156 -23.9068664550781 -23.9361755371093 -23.9654846191406 -23.9947937011719 -24.1238460286458 -24.3526416015625 -24.5814371744791 -24.8102327473958 -24.8469964599609 -24.8197495524088 -24.7925026448567 -24.7652557373047 -25.0229502360026 -25.2806447347005 -25.5383392333984 -25.7037618001302 -25.5923685709635 -25.4809753417968 -25.3695821126302 -25.7060420735677 -26.4903552246094 -27.274668375651 -28.0589815266927 -27.8201348876953 -27.2402349853515 -26.6603350830078 -26.080435180664 -25.6588352457682 -25.2372353108724 -24.8156353759765 -24.5194419352213 -24.599467976888 -24.6794940185547 -24.7595200602213 -24.8548317464192 -24.9654290771484 -25.0760264078776 -25.1866237386067 -24.9044073486328 -24.4912530517578 -24.0780987548828 -23.6649444580078 -23.4599582926432 -23.2549721272786 -23.049985961914 -23.4899444580078 -25.8647369384765 -28.2395294189453 -30.614321899414 -31.8017181396484 -31.8017181396484 -9999 -9999 -9999 -9999
-21.5642919921875 -21.8065616861979 -22.0488313802083 -22.2911010742187 -22.2964485677083 -22.3017960611979 -22.3071435546875 -22.3242614746094 -22.3766906738281 -22.4291198730469 -22.4815490722656 -22.6176236979166 -22.83734375 -23.0570638020833 -23.2767838541666 -23.3318096923828 -23.3319374593099 -23.332065226237 -23.332192993164 -23.6170603434245 -23.9019276936849 -24.1867950439453 -24.3915425618489 -24.3559305826823 -24.3203186035156 -24.2847066243489 -24.5070096842448 -24.9872277832031 -25.4674458821614 -25.9476639811198 -25.6930828857422 -25.1935687255859 -24.6940545654297 -24.1945404052734 -23.8460410563151 -23.4975417073567 -23.1490423583984 -22.8429429117838 -22.6640431722005 -22.4851434326172 -22.3062436930338 -22.2831536865234 -22.4158734130859 -22.5485931396484 -22.6813128662109 -22.9104571533203 -23.171742960612 -23.4330287679036 -23.6943145751953 -24.7524436442057 -25.8105727132161 -26.8687017822265 -27.9382598876953 -29.042105102539 -30.1459503173828 -31.2497955322265 -9999 -9999 -9999 -9999 -9999 -9999
-20.1301696777344 -20.3072408040364 -20.4843119303385 -20.6613830566406 -20.6777526855469 -20.6941223144531 -20.7104919433594 -20.7416564941406 -20.8172058105469 -20.8927551269531 -20.9683044433594 -21.1114013671875 -21.3220458984375 -21.5326904296875 -21.7433349609375 -21.8166229248047 -21.8441253662109 -21.8716278076172 -21.8991302490234 -22.2111704508463 -22.5232106526692 -22.8352508544922 -23.0793233235677 -23.119492594401 -23.1596618652344 -23.1998311360677 -23.3079772949219 -23.4841003417969 -23.6602233886719 -23.8363464355469 -23.566030883789 -23.1469024658203 -22.7277740478515 -22.3086456298828 -22.033246866862 -21.7578481038411 -21.4824493408203 -21.1664438883463 -20.728618367513 -20.2907928466797 -19.8529673258463 -19.7114756266276 -19.8663177490234 -20.0211598714193 -20.1760019938151 -20.9165069580078 -21.8522328694661 -22.7879587809245 -23.7236846923828 -26.0449289957682 -28.3661732991536 -30.687417602539 -32.4283508300781 -32.4283508300781 -9999 -9999 -9999 -9999 -9999 -9999 -9999 -9999
-18.8796337890625 -19.0505460611979 -19.2214583333333 -19.3923706054687 -19.4665218098958 -19.5406730143229 -19.61482421875 -19.6839314778646 -19.7379069010416 -19.7918823242187 -19.8458577473958 -19.9352225748698 -20.0599768066406 -20.1847310384114 -20.3094852701823 -20.363120727539 -20.3930499267578 -20.4229791259765 -20.4529083251953 -20.5936659749349 -20.7344236246745 -20.875181274414 -21.0221638997396 -21.1878214518229 -21.3534790039062 -21.5191365559896 -21.8364754231771 -22.3054956054687 -22.7745157877604 -23.2435359700521 -23.1503619384765 -22.869789835612 -22.5892177327474 -22.3086456298828 -21.6776430257161 -21.0466404215495 -20.4156378173828 -19.842232055664 -19.441616821289 -19.041001586914 -18.640386352539 -19.2839524332682 -20.9716998291015 -22.6594472249349 -24.3471946207682 -24.5600421142578 -24.2812563069661 -24.0024704996745 -23.7236846923828 -26.0449289957682 -28.3661732991536 -30.687417602539 -32.4283508300781 -32.4283508300781 -9999 -9999 -9999 -9999 -9999 -9999 -9999 -9999
-17.6290979003906 -17.7938513183594 -17.9586047363281 -18.1233581542969 -18.2552909342448 -18.3872237141927 -18.5191564941406 -18.6262064615885 -18.6586079915364 -18.6910095214844 -18.7234110514323 -18.7590437825521 -18.7979077148437 -18.8367716471354 -18.8756355794271 -18.9096185302734 -18.9419744873047 -18.9743304443359 -19.0066864013672 -18.9761614990234 -18.9456365966797 -18.9151116943359 -18.9650044759114 -19.2561503092448 -19.5472961425781 -19.8384419759114 -20.3649735514323 -21.1268908691406 -21.8888081868489 -22.6507255045573 -22.734692993164 -22.5926772054036 -22.4506614176432 -22.3086456298828 -21.3220391845703 -20.3354327392578 -19.3488262939453 -18.5180202229818 -18.1546152750651 -17.7912103271484 -17.4278053792317 -18.8564292399088 -22.0770819091797 -25.2977345784505 -28.5183872477213 -28.2035772705078 -26.7102797444661 -25.2169822184245 -23.7236846923828 -26.0449289957682 -28.3661732991536 -30.687417602539 -9999 -9999 -9999 -9999 -9999 -9999 -9999 -9999 -9999 -9999
-16.4327575683594 -16.5991882324219 -16.7656188964844 -16.9320495605469 -17.0623067220052 -17.1925638834635 -17.3228210449219 -17.4180997721354 -17.4084431966146 -17.3987866210937 -17.3891300455729 -17.3952091471354 -17.4170239257812 -17.4388387044271 -17.4606534830729 -17.5163012695312 -17.5832267252604 -17.6501521809896 -17.7170776367187 -17.5386954752604 -17.3603133138021 -17.1819311523437 -17.1802884928385 -17.7088643391927 -18.2374401855469 -18.766016031901 -19.5037849934896 -20.4507470703125 -21.3977091471354 -22.3446712239583 -22.581411743164 -22.581411743164 -9999 -18.8632720947265 -18.7158868408203 -18.568501586914 -18.4211163330078 -18.1998132324219 -17.7567565917969 -17.3136999511719 -16.8706433105469 -18.6426676432291 -22.6297729492187 -26.6168782552083 -30.6039835611979 -31.6007598876953 -31.6007598876953 -9999 -9999 -9999 -9999 -9999 -9999 -9999 -9999 -9999 -9999 -9999 -9999 -9999 -12.0255041503906 -11.7834191894531
-15.2906127929687 -15.4665568033854 -15.6425008138021 -15.8184448242187 -15.8875691731771 -15.9566935221354 -16.0258178710937 -16.0596114095052 -15.987412516276 -15.9152136230468 -15.8430147298177 -15.8437186686198 -15.9173254394531 -15.9909322102864 -16.0645389811198 -16.1831689453125 -16.316806640625 -16.4504443359375 -16.58408203125 -16.2812679036458 -15.9784537760416 -15.6756396484375 -15.6680159505208 -16.5459635416666 -17.4239111328125 -18.3018587239583 -19.2529097493489 -20.2770642089844 -21.3012186686198 -22.3253731282552 -9999 -9999 -9999 -18.8632720947265 -18.9124005126953 -18.961528930664 -19.0106573486328 -18.8876110839844 -18.2480407714844 -17.6084704589844 -16.9689001464844 -18.6426676432291 -22.6297729492187 -26.6168782552083 -30.6039835611979 -9999 -9999 -9999 -9999 -9999 -9999 -9999 -9999 -9999 -9999 -9999 -9999 -9999 -9999 -9999 -12.2675891113281 -12.3482840983073
-14.1484680175781 -14.3339253743489 -14.5193827311198 -14.7048400878906 -14.7128316243489 -14.7208231608073 -14.7288146972656 -14.701123046875 -14.5663818359375 -14.431640625 -14.2968994140625 -14.2922281901041 -14.417626953125 -14.5430257161458 -14.6684244791666 -14.8500366210937 -15.0503865559896 -15.2507364908854 -15.4510864257812 -15.0238403320312 -14.5965942382812 -14.1693481445312 -14.1557434082031 -15.3830627441406 -16.6103820800781 -17.8377014160156 -18.1949381510416 -17.6820922851562 -17.1692464192708 -16.6564005533854 -9999 -9999 -9999 -9999 -9999 -19.7844299316406 -19.7844299316406 -19.7844299316406 -19.7844299316406 -9999 -9999 -9999 -9999 -9999 -9999 -9999 -9999 -9999 -9999 -9999 -9999 -9999 -9999 -9999 -9999 -9999 -9999 -9999 -9999 -9999 -9999 -9999
-12.7722229003906 -12.9999979654948 -13.2277730305989 -13.4555480957031 -13.4888977050781 -13.5222473144531 -13.5555969238281 -13.5495532226562 -13.4253295898437 -13.3011059570312 -13.1768823242187 -13.2387345377604 -13.4866625976562 -13.7345906575521 -13.9825187174479 -14.1632177734375 -14.3215071614583 -14.4797965494791 -14.6380859375 -14.0726822916666 -13.5072786458333 -12.941875 -12.8108223470052 -13.982822672526 -15.1548229980469 -16.3268233235677 -16.8615388997396 -16.7589697265625 -16.6564005533854 -16.5538313802083 -9999 -9999 -9999 -9999 -9999 -19.7844299316406 -19.7844299316406 -19.7844299316406 -19.7844299316406 -9999 -9999 -9999 -9999 -9999 -9999 -9999 -9999 -9999 -9999 -9999 -9999 -9999 -9999 -9999 -9999 -9999 -9999 -9999 -9999 -9999 -9999 -9999
-11.3959777832031 -11.6660705566406 -11.9361633300781 -12.2062561035156 -12.2649637858073 -12.3236714680989 -12.3823791503906 -12.3979833984375 -12.28427734375 -12.1705712890625 -12.056865234375 -12.1852408854166 -12.5556982421875 -12.9261555989583 -13.2966129557291 -13.4763989257812 -13.5926277669271 -13.7088566080729 -13.8250854492187 -13.1215242513021 -12.4179630533854 -11.7144018554687 -11.4659012858073 -12.5825826009114 -13.6992639160156 -14.8159452311198 -15.5281396484375 -15.8358471679687 -16.1435546875 -16.4512622070312 -9999 -9999 -9999 -9999 -9999 -9999 -9999 -9999 -9999 -9999 -9999 -9999 -9999 -9999 -9999 -9999 -9999 -9999 -9999 -9999 -1.35355224609373 -1.35355224609373 -1.35355224609373 -1.35355224609373 -9999 -9999 -9999 -9999 -9999 -9999 -9999 -9999
-9.97349975585935 -10.2085518391927 -10.443603922526 -10.6786560058594 -10.756943766276 -10.8352315266927 -10.9135192871094 -10.9523205566406 -10.8726623535156 -10.7930041503906 -10.7133459472656 -10.8103552246094 -11.0840319824219 -11.3577087402344 -11.6313854980469 -11.7743823242187 -11.8738191731771 -11.9732560221354 -12.0726928710937 -11.4167993164062 -10.7609057617187 -10.1050122070312 -9.84583211263019 -10.7767923990885 -11.7077526855469 -12.6387129720052 -12.8040283203125 -12.2036987304687 -11.603369140625 -11.0030395507812 -9999 -9999 -9999 -9999 -9999 -9999 -9999 -9999 -9999 -9999 -9999 -9999 -9999 -9999 -9999 -9999 -9999 -9999 0.310693359375023 0.0444140625000227 -0.221865234374977 -0.488144531249977 -0.621284179687477 -0.355004882812477 -0.0887255859374773 0.177553710937523 -9999 -9999 -9999 -9999 -9999 -9999
-8.50478881835935 -8.62744181315102 -8.75009480794269 -8.87274780273435 -8.96483764648435 -9.05692749023435 -9.14901733398435 -9.2125646972656 -9.1904846191406 -9.1684045410156 -9.1463244628906 -9.11407755533852 -9.07166381835935 -9.02925008138019 -8.98683634440102 -9.05716796874998 -9.16508138020831 -9.27299479166664 -9.38090820312498 -8.95850748697914 -8.53610677083331 -8.11370605468748 -7.95061482747394 -8.56545206705727 -9.1802893066406 -9.79512654622394 -10.2026000976562 -10.4027099609375 -10.6028198242187 -10.8029296875 -9999 -9999 -9999 -9999 -9999 -9999 -9999 -9999 -9999 -9999 -9999 -9999 -9999 -9999 -9999 -9999 -9999 -9999 0.310693359375023 0.399453125000023 0.488212890625023 0.576972656250023 0.621352539062523 0.532592773437523 0.443833007812523 0.355073242187523 -9999 -9999 -9999 -9999 -9999 -9999
-7.03607788085935 -7.04633178710935 -7.05658569335935 -7.06683959960935 -7.17273152669269 -7.27862345377602 -7.38451538085935 -7.4728088378906 -7.5083068847656 -7.5438049316406 -7.5793029785156 -7.41779988606769 -7.05929565429685 -6.70079142252602 -6.34228719075519 -6.33995361328123 -6.45634358723956 -6.57273356119789 -6.68912353515623 -6.50021565755206 -6.31130777994789 -6.12239990234373 -6.05539754231769 -6.35411173502602 -6.65282592773435 -6.95154012044269 -6.92793172200519 -6.58200073242185 -6.23606974283852 -5.89013875325519 -9999 -9999 -9999 -9999 -9999 -9999 -9999 -9999 -9999 -9999 -9999 -9999 -9999 -9999 -9999 -9999 -9999 -9999 4.00493774414065 3.46360473632815 2.92227172851565 2.38093872070315 1.97493896484377 1.97493896484377 -9999 -9999 -9999 -9999 -9999 -9999 -9999 -9999
-5.57110717773435 -5.69491251627602 -5.81871785481769 -5.94252319335935 -5.86884806315102 -5.79517293294269 -5.72149780273435 -5.71404500325519 -5.90525919596352 -6.09647338867185 -6.28768758138018 -6.37877237955727 -6.3697277832031 -6.36068318684894 -6.35163859049477 -6.19238525390623 -5.98306233723956 -5.77373942057289 -5.56441650390623 -5.24183024088539 -4.91924397786456 -4.59665771484373 -4.46861043294269 -4.92418009440102 -5.37974975585935 -5.83531941731769 -6.02851114908852 -5.95932495117185 -5.89013875325519 -5.82095255533852 -9999 -9999 -9999 -9999 -9999 -9999 -9999 -9999 -9999 -9999 -9999 -9999 -9999 -9999 -9999 -9999 -9999 -9999 4.00493774414065 3.46360473632815 2.92227172851565 2.38093872070315 1.97493896484377 1.97493896484377 -9999 -9999 -9999 -9999 -9999 -9999 -9999 -9999
-4.10613647460935 -4.34349324544269 -4.58085001627602 -4.81820678710935 -4.56496459960935 -4.31172241210935 -4.05848022460935 -3.95528116861977 -4.30221150716144 -4.6491418457031 -4.99607218424477 -5.33974487304685 -5.68015991210935 -6.02057495117185 -6.36098999023435 -6.04481689453123 -5.50978108723956 -4.97474527994789 -4.43970947265623 -3.98344482421873 -3.52718017578123 -3.07091552734373 -2.88182332356769 -3.49424845377602 -4.10667358398435 -4.71909871419269 -5.12909057617185 -5.33664916992185 -5.54420776367185 -5.75176635742185 -9999 -9999 -9999 -9999 -9999 -9999 -9999 -9999 -9999 -9999 -9999 -9999 -9999 -9999 -9999 -9999 -9999 4.00493774414065 4.00493774414065 3.46360473632815 2.92227172851565 2.38093872070315 -9999 -9999 -9999 -9999 -9999 -9999 -9999 -9999 -9999 -9999
-2.75189941406248 -3.06909667968748 -3.38629394531248 -3.70349121093748 -3.42617675781248 -3.14886230468748 -2.87154785156248 -2.74410034179685 -3.06625366210935 -3.38840698242185 -3.71056030273435 -4.22134562174477 -4.9207629394531 -5.62018025716144 -6.31959757486977 -5.97103271484373 -5.27314046223956 -4.57524820963539 -3.87735595703123 -3.35425211588539 -2.83114827473956 -2.30804443359373 -2.08842976888019 -2.77928263346352 -3.47013549804685 -4.16098836263019 -4.50641479492185 -4.50641479492185 -9999 -9999 -9999 -9999 -9999 -9999 -9999 -9999 -9999 -9999 -9999 -9999 -9999 -9999 -9999 -9999 -9999 -9999 -9999 4.00493774414065 4.00493774414065 4.00493774414065 -9999 -9999 -9999 -9999 -9999 -9999 -9999 -9999 -9999 -9999 6.23632568359377 5.75455973307294
-1.50839599609373 -1.87172281901039 -2.23504964192706 -2.59837646484373 -2.45248453776039 -2.30659261067706 -2.16070068359373 -2.08050252278644 -2.19738566080727 -2.3142687988281 -2.43115193684894 -3.02357462565102 -4.09153686523435 -5.15949910481769 -6.22746134440102 -5.97103271484373 -5.27314046223956 -4.57524820963539 -3.87735595703123 -3.35425211588539 -2.83114827473956 -2.30804443359373 -2.08842976888019 -2.77928263346352 -3.47013549804685 -4.16098836263019 -9999 -9999 -9999 -9999 -9999 -9999 -9999 -9999 -9999 -9999 -9999 -9999 -9999 -9999 -9999 -9999 -9999 -9999 -9999 -9999 -9999 -9999 -9999 -9999 -9999 -9999 -9999 -9999 -9999 -9999 -9999 -9999 6.5976501464844 6.5976501464844 6.28558837890627 5.86950602213544
-0.264892578124977 -0.674348958333311 -1.08380533854164 -1.49326171874998 -1.47879231770831 -1.46432291666664 -1.44985351562498 -1.41690470377602 -1.32851765950519 -1.24013061523435 -1.15174357096352 -1.1075500488281 -1.1075500488281 -9999 -9999 -9999 -9999 -9999 -9999 -9999 -9999 -9999 -9999 -9999 -9999 -9999 -9999 -9999 -9999 -9999 -9999 -9999 -9999 -9999 -9999 -9999 -9999 -9999 -9999 -9999 -9999 -9999 -9999 -9999 -9999 -9999 -9999 -9999 -9999 -9999 -9999 -9999 -9999 -9999 -9999 -9999 8.27964680989586 7.76210937500002 7.24457194010419 6.72703450520835 6.33485107421877 5.98445231119794
0.0315820312500228 -0.0128971354166439 -0.0573763020833106 -0.101855468749977 0.037874348958356 0.177604166666689 0.317333984375023 0.320152587890648 -0.0877624511718522 -0.495677490234352 -0.903592529296852 -1.1075500488281 -1.1075500488281 -9999 -9999 -9999 -9999 -9999 -9999 -9999 -9999 -9999 -9999 -9999 -9999 -9999 -9999 -9999 -9999 -9999 -9999 -9999 -9999 -9999 -9999 -9999 -9999 -9999 -9999 -9999 -9999 -9999 -9999 -9999 -9999 -9999 -9999 -9999 -9999 -9999 -9999 -9999 -9999 -9999 -9999 -9999 8.27964680989585 7.76210937500002 7.24457194010419 6.72703450520836 6.58256347656252 6.56244791666669
0.328056640625023 0.648554687500023 0.969052734375023 1.28955078125002 1.55454101562502 1.81953125000002 2.08452148437502 2.05720987955731 1.15299275716148 0.248775634765648 -0.655441487630186 -9999 -9999 -9999 -9999 -9999 -9999 -9999 -9999 -9999 -9999 -9999 -9999 -9999 -9999 -9999 -9999 -9999 -9999 -9999 -9999 -9999 -9999 -9999 -9999 -9999 -9999 -9999 -9999 -9999 -9999 -9999 -9999 -9999 -9999 -9999 -9999 -9999 -9999 -9999 -9999 -9999 -9999 -9999 8.53841552734377 8.53841552734377 8.27964680989585 7.76210937500002 7.24457194010419 6.72703450520836 6.83027587890627 7.14044352213544
1.33287719726565 1.82056925455731 2.30826131184898 2.79595336914065 2.90738728841148 3.01882120768231 3.13025512695315 3.21383056640627 3.21383056640627 -9999 -9999 -9999 -9999 -9999 -9999 -9999 -9999 -9999 -9999 -9999 -9999 -9999 -9999 -9999 -9999 -9999 -9999 -9999 -9999 -9999 -9999 -9999 -9999 -9999 -9999 -9999 -9999 -9999 -9999 -9999 -9999 -9999 -9999 -9999 -9999 -9999 -9999 -9999 -9999 -9999 -9999 -9999 8.96084716796877 8.89044189453127 8.82003662109377 8.74963134765627 8.73354654947919 8.77178222656252 8.81001790364586 8.84825358072919 8.67145507812502 8.42297851562502
3.0460437011719 3.50314656575523 3.96024943033856 4.4173522949219 4.09641316731773 3.77547403971356 3.4545349121094 -9999 -9999 -9999 -9999 -9999 -9999 -9999 -9999 -9999 -9999 -9999 -9999 -9999 -9999 -9999 -9999 -9999 -9999 -9999 -9999 -9999 -9999 -9999 -9999 -9999 -9999 -9999 -9999 -9999 -9999 -9999 -9999 -9999 -9999 -9999 -9999 -9999 -9999 -9999 -9999 -9999 -9999 -9999 -9999 -9999 8.98431559244794 9.00778401692711 9.03125244140627 9.05472086588544 9.03863606770836 8.98299804687503 8.92736002604169 8.87172200520835 8.48984130859377 7.99921305338544
4.75921020507815 5.18572387695315 5.61223754882815 6.03875122070315 6.03875122070315 -9999 -9999 -9999 -9999 -9999 -9999 -9999 -9999 -9999 -9999 -9999 -9999 -9999 -9999 -9999 -9999 -9999 -9999 -9999 -9999 -9999 -9999 -9999 -9999 -9999 -9999 -9999 -9999 -9999 -9999 -9999 -9999 -9999 -9999 -9999 -9999 -9999 -9999 -9999 -9999 -9999 -9999 -9999 10.7398620605469 9.90237833658857 9.06489461263023 8.2274108886719 7.72057698567711 8.20569254557294 8.69080810546877 9.17592366536461 9.34372558593752 9.19421386718752 9.04470214843752 8.89519042968752 8.30822753906252 7.57544759114586
5.98632934570315 6.00380330403648 6.02127726236981 6.03875122070315 6.03875122070315 -9999 -9999 -9999 -9999 -9999 -9999 -9999 -9999 -9999 -9999 -9999 -9999 -9999 -9999 -9999 -9999 -9999 -9999 -9999 -9999 -9999 -9999 -9999 -9999 -9999 -9999 -9999 -9999 -9999 -9999 -9999 -9999 -9999 -9999 -9999 -9999 -9999 -9999 -9999 -9999 -9999 -9999 -9999 10.7398620605469 9.90237833658857 9.06489461263023 8.2274108886719 7.78767985026044 8.54120686848961 9.29473388671877 10.0482609049479 10.2287223307292 9.83611816406252 9.44351399739586 9.05090983072919 8.70434082031252 8.37311686197919
7.21344848632815 6.82188273111981 6.43031697591148 -9999 -9999 -9999 -9999 -9999 -9999 -9999 -9999 -9999 -9999 -9999 -9999 -9999 -9999 -9999 -9999 -9999 -9999 -9999 -9999 -9999 -9999 -9999 -9999 -9999 -9999 -9999 -9999 -9999 -9999 -9999 -9999 -9999 -9999 -9999 -9999 -9999 -9999 -9999 -9999 -9999 -9999 -9999 -9999 10.7398620605469 10.7398620605469 9.90237833658857 9.06489461263023 8.2274108886719 7.85478271484377 8.87672119140627 9.89865966796877 10.9205981445313 11.1137190755209 10.4780224609375 9.84232584635419 9.20662923177086 9.10045410156252 9.17078613281252
8.27407226562502 8.27407226562502 -9999 -9999 -9999 -9999 -9999 -9999 -9999 -9999 -9999 -9999 -9999 -9999 -9999 -9999 -9999 -9999 -9999 -9999 -9999 -9999 -9999 -9999 -9999 -9999 -9999 -9999 -9999 -9999 -9999 -9999 -9999 -9999 -9999 -9999 -9999 -9999 -9999 -9999 -9999 -9999 -9999 -9999 -9999 11.7060009765625 11.5303393554688 11.354677734375 11.1790161132813 10.5254500325521 9.87188395182294 9.21831787109377 8.94146728515627 9.79476318359377 10.6480590820313 11.5013549804688 11.55029296875 10.794873046875 10.039453125 9.28403320312502 9.29851074218752 9.56962076822919
