data/climate/maas/min_precip.asc
NCOLS 360 
NROWS 180 
XLLCORNER -180 
YLLCORNER -90 
CELLSIZE 1 
NODATA_value -9999 
[rows 0 to 26 of 180, columns 60 to 119 of 360]
-9999 -9999 -9999 -9999 -9999 -9999 -9999 -9999 -9999 -9999 -9999 -9999 -9999 -9999 -9999 -9999 -9999 -9999 -9999 -9999 -9999 -9999 -9999 -9999 -9999 -9999 -9999 -9999 -9999 -9999 -9999 -9999 -9999 -9999 -9999 -9999 -9999 -9999 -9999 -9999 -9999 -9999 -9999 -9999 -9999 -9999 -9999 -9999 -9999 -9999 -9999 -9999 -9999 -9999 -9999 -9999 -9999 -9999 -9999 -9999
-9999 -9999 -9999 -9999 -9999 -9999 -9999 -9999 -9999 -9999 -9999 -9999 -9999 -9999 -9999 -9999 -9999 -9999 -9999 -9999 -9999 -9999 -9999 -9999 -9999 -9999 -9999 -9999 -9999 -9999 -9999 -9999 -9999 -9999 -9999 -9999 -9999 -9999 -9999 -9999 -9999 -9999 -9999 -9999 -9999 -9999 -9999 -9999 -9999 -9999 -9999 -9999 -9999 -9999 -9999 -9999 -9999 -9999 -9999 -9999
-9999 -9999 -9999 -9999 -9999 -9999 -9999 -9999 -9999 -9999 -9999 -9999 -9999 -9999 -9999 -9999 -9999 -9999 -9999 -9999 -9999 -9999 -9999 -9999 -9999 -9999 -9999 -9999 -9999 -9999 -9999 -9999 -9999 -9999 -9999 -9999 -9999 -9999 -9999 -9999 -9999 -9999 -9999 -9999 -9999 -9999 -9999 -9999 -9999 -9999 -9999 -9999 -9999 -9999 -9999 -9999 -9999 -9999 -9999 -9999
-9999 -9999 -9999 -9999 -9999 -9999 -9999 -9999 -9999 -9999 -9999 -9999 -9999 -9999 -9999 -9999 -9999 -9999 -9999 -9999 -9999 -9999 -9999 -9999 -9999 -9999 -9999 -9999 -9999 -9999 -9999 -9999 -9999 -9999 -9999 -9999 -9999 -9999 -9999 -9999 -9999 -9999 -9999 -9999 -9999 -9999 -9999 -9999 -9999 -9999 -9999 -9999 -9999 -9999 -9999 -9999 -9999 -9999 -9999 -9999
-9999 -9999 -9999 -9999 -9999 -9999 -9999 -9999 -9999 -9999 -9999 -9999 -9999 -9999 -9999 -9999 -9999 -9999 -9999 -9999 -9999 -9999 -9999 -9999 -9999 -9999 -9999 -9999 -9999 -9999 -9999 -9999 -9999 -9999 -9999 -9999 -9999 -9999 -9999 -9999 -9999 -9999 -9999 -9999 -9999 -9999 -9999 -9999 -9999 -9999 -9999 -9999 -9999 -9999 -9999 -9999 -9999 -9999 -9999 -9999
-9999 -9999 -9999 -9999 -9999 -9999 -9999 -9999 -9999 -9999 -9999 -9999 -9999 -9999 -9999 -9999 -9999 -9999 -9999 -9999 -9999 -9999 -9999 -9999 -9999 -9999 -9999 -9999 -9999 -9999 -9999 -9999 -9999 -9999 -9999 -9999 -9999 -9999 -9999 -9999 -9999 -9999 -9999 -9999 -9999 -9999 -9999 -9999 -9999 -9999 -9999 -9999 -9999 -9999 -9999 -9999 -9999 -9999 -9999 -9999
-9999 -9999 -9999 -9999 -9999 -9999 -9999 -9999 -9999 -9999 -9999 -9999 -9999 -9999 -9999 -9999 -9999 -9999 -9999 -9999 -9999 -9999 -9999 -9999 -9999 -9999 -9999 -9999 -9999 -9999 -9999 -9999 -9999 -9999 -9999 -9999 -9999 -9999 -9999 -9999 -9999 -9999 -9999 -9999 -9999 -9999 -9999 -9999 -9999 -9999 -9999 -9999 -9999 -9999 -9999 -9999 -9999 -9999 -9999 -9999
0.826583256712183 0.798509832238778 0.770436407765374 0.742362983291969 0.746600884012878 0.761609226465225 0.776617568917572 0.79162591136992 0.785743135493249 0.779860359616578 0.773977583739907 0.764705040492117 0.745263195130974 0.725821349769831 0.706379504408687 0.723835834069178 0.778190338751301 0.832544843433425 0.886899348115548 0.829072666238062 0.733852255507372 0.638631844776683 -9999 -9999 -9999 -9999 -9999 -9999 -9999 -9999 -9999 -9999 -9999 -9999 -9999 -9999 -9999 -9999 -9999 -9999 -9999 -9999 -9999 -9999 -9999 -9999 -9999 -9999 -9999 -9999 -9999 -9999 0.452377836336382 0.465217047021724 0.478056257707067 0.490895468392409 0.495768460677937 0.476742797764018 0.4577171348501 0.438691471936181
0.826583256712183 0.798509832238778 0.770436407765374 0.742362983291969 0.746600884012878 0.761609226465225 0.776617568917572 0.79162591136992 0.785743135493249 0.779860359616578 0.773977583739907 0.764705040492117 0.745263195130974 0.725821349769831 0.706379504408687 0.723835834069178 0.778190338751301 0.832544843433425 0.886899348115548 0.829072666238062 0.733852255507372 0.638631844776683 -9999 -9999 -9999 -9999 -9999 -9999 -9999 -9999 -9999 -9999 -9999 -9999 -9999 -9999 -9999 -9999 -9999 -9999 -9999 -9999 -9999 -9999 -9999 -9999 -9999 -9999 -9999 -9999 -9999 -9999 0.452377836336382 0.465217047021724 0.478056257707067 0.490895468392409 0.495768460677937 0.476742797764018 0.4577171348501 0.438691471936181
0.826583256712183 0.798509832238778 0.770436407765374 0.742362983291969 0.746600884012878 0.761609226465225 0.776617568917572 0.79162591136992 0.785743135493249 0.779860359616578 0.773977583739907 0.764705040492117 0.745263195130974 0.725821349769831 0.706379504408687 0.723835834069178 0.778190338751301 0.832544843433425 0.886899348115548 0.829072666238062 0.733852255507372 0.638631844776683 0.543411434045993 0.543411434045993 -9999 -9999 -9999 -9999 -9999 -9999 -9999 -9999 -9999 -9999 -9999 -9999 -9999 -9999 -9999 -9999 -9999 -9999 -9999 -9999 -9999 -9999 -9999 -9999 -9999 -9999 -9999 0.452377836336382 0.452377836336382 0.465217047021724 0.478056257707067 0.490895468392409 0.495768460677937 0.476742797764018 0.4577171348501 0.438691471936181
0.906714946730062 0.872637133346871 0.838559319963679 0.804481506580487 0.79844488715753 0.801755332387984 0.805065777618438 0.808376222848892 0.802453339565545 0.796530456282198 0.790607572998852 0.784668358624913 0.778680150979199 0.772691943333484 0.76670373568777 0.776555545977317 0.802247374202125 0.827939202426933 0.853631030651741 0.811250581755303 0.74617937381845 0.681108165881597 0.616036957944743 0.67559159535449 0.735146232764237 0.794700870173983 0.837785387411714 0.831459544133395 0.825133700855076 0.818807857576758 0.809902473120019 0.79841754748486 0.786932621849701 0.775447696214542 0.753866343875416 0.7289195159683 0.703972688061185 0.67902586015407 0.667027731542476 0.655029602930881 0.643031474319287 0.636402965756133 0.645883317338303 0.655363668920472 0.664844020502642 0.657270950032398 0.632644457509741 0.608017964987084 0.583391472464427 0.55406955932267 0.523182505974546 0.492295452626422 0.461408399278298 0.474025608971715 0.486642818665132 0.499260028358549 0.505070296057966 0.490459737775382 0.475849179492798 0.461238621210214
1.06697832676582 1.02089173556305 0.974805144360289 0.928718553157523 0.902132893446833 0.882047544233501 0.861962195020169 0.841876845806837 0.835873747710139 0.82987064961344 0.823867551516742 0.824594994890504 0.845514062675647 0.866433130460791 0.887352198245935 0.881994969793595 0.850361445103772 0.818727920413949 0.787094395724125 0.775606412789784 0.770833610440604 0.766060808091424 0.761288005742244 0.782109030405991 0.802930055069737 0.823751079733483 0.837785387411714 0.831459544133395 0.825133700855076 0.818807857576758 0.809902473120019 0.79841754748486 0.786932621849701 0.775447696214542 0.753866343875416 0.7289195159683 0.703972688061185 0.67902586015407 0.667027731542476 0.655029602930881 0.643031474319287 0.636402965756133 0.645883317338303 0.655363668920472 0.664844020502642 0.657270950032398 0.632644457509741 0.608017964987084 0.583391472464427 0.557681784499437 0.531611031387001 0.505540278274566 0.479469525162131 0.491642732871696 0.503815940581262 0.515989148290828 0.523673966818023 0.517893617798109 0.512113268778194 0.506332919758279
1.22724170680158 1.16914633777924 1.1110509687569 1.05295559973456 1.00582089973614 0.962339756079018 0.9188586124219 0.875377468764782 0.869294155854732 0.863210842944682 0.857127530034631 0.864521631156094 0.912347974372096 0.960174317588098 1.0080006608041 0.987434393609874 0.898475516005419 0.809516638400964 0.72055776079651 0.739962243824266 0.795487847062759 0.851013450301252 0.906539053539746 0.888626465457492 0.870713877375238 0.852801289292984 0.837785387411714 0.831459544133395 0.825133700855076 0.818807857576758 0.809902473120019 0.79841754748486 0.786932621849701 0.775447696214542 0.753866343875416 0.7289195159683 0.703972688061185 0.67902586015407 0.667027731542476 0.655029602930881 0.643031474319287 0.636402965756133 0.645883317338303 0.655363668920472 0.664844020502642 0.657270950032398 0.632644457509741 0.608017964987084 0.583391472464427 0.561294009676203 0.540039556799456 0.51878510392271 0.497530651045963 0.509259856771678 0.520989062497392 0.532718268223107 0.542277637578081 0.545327497820836 0.54837735806359 0.551427218306344
1.04212288674898 1.0580192625057 1.07391563826241 1.08981201401912 1.06027967948467 1.01560444151983 0.970929203554988 0.926253965590149 0.979047127068043 1.03184028854594 1.08463345002383 1.12617179320659 1.13394568150397 1.14171956980135 1.14949345809873 1.10793098446447 1.01703214889858 0.926133313332684 0.835234477766789 0.815222736331634 0.818840026273392 0.82245731621515 0.826074606156908 0.817185832536779 0.808297058916651 0.799408285296522 0.79799623740837 0.819014366716146 0.840032496023923 0.8610506253317 0.872301639290527 0.873785537900403 0.87526943651028 0.876753335120156 0.84785270167049 0.808823890867643 0.769795080064796 0.730766269261949 0.715999472304247 0.701232675346546 0.686465878388844 0.677221505669877 0.684544405667111 0.691867305664346 0.69919020566158 0.699986582854763 0.694256437243894 0.688526291633025 0.682796146022156 0.656904041650705 0.62429128435906 0.591678527067415 0.559065769775771 0.566957128350623 0.574848486925475 0.582739845500328 0.589222932758275 0.591481206065509 0.593739479372744 0.595997752679978
0.857004066696391 0.946892187232152 1.03678030776791 1.12666842830367 1.11473845923319 1.06886912696064 1.02299979468808 0.977130462415516 1.08880009828135 1.20046973414719 1.31213937001303 1.3878219552571 1.35554338863585 1.32326482201461 1.29098625539336 1.22842757531907 1.13558878179174 1.0427499882644 0.949911194737069 0.890483228839003 0.842192205484025 0.793901182129048 0.74561015877407 0.745745199616067 0.745880240458064 0.74601528130006 0.758207087405026 0.806569189298898 0.85493129119277 0.903293393086642 0.934700805461034 0.949153528315946 0.963606251170859 0.978058974025771 0.941839059465565 0.888728265766986 0.835617472068407 0.782506678369828 0.764971213066019 0.747435747762211 0.729900282458402 0.718040045583621 0.72320549399592 0.728370942408219 0.733536390820518 0.742702215677127 0.755868416978046 0.769034618278965 0.782200819579884 0.752514073625207 0.708543011918664 0.664571950212121 0.620600888505578 0.624654399929568 0.628707911353558 0.632761422777548 0.636168227938469 0.637634914310183 0.639101600681897 0.640568287053611
1.02927636075765 1.07491478417069 1.12055320758373 1.16619163099676 1.17336390190758 1.16771412198432 1.16206434206106 1.1564145621378 1.21808234020136 1.27975011826493 1.34141789632849 1.38201061729342 1.35937816696241 1.33674571663141 1.31411326630041 1.27600964368321 1.22243484877981 1.16886005387641 1.11528525897302 1.05145483044907 0.98420585738495 0.916956884320825 0.849707911256701 0.835734805092216 0.82176169892773 0.807788592763245 0.804736478836276 0.834447341621853 0.864158204407431 0.893869067193009 0.921335558057763 0.946557677001692 0.971779795945622 0.997001914889552 0.970725658466108 0.927283276920207 0.883840895374306 0.840398513828404 0.826119681936689 0.811840850044973 0.797562018153258 0.786310899420641 0.784142920165323 0.781974940910004 0.779806961654685 0.788708165637217 0.8086785528576 0.828648940077983 0.848619327298366 0.820667008752935 0.776740454952233 0.73281390115153 0.688887347350828 0.688220839365385 0.687554331379943 0.6868878233945 0.685828697634861 0.683591718552634 0.681354739470407 0.679117760388181
1.55893976893276 1.4420870533213 1.32523433770984 1.20838162209839 1.23615600750782 1.31213942659087 1.38812284567393 1.46410626475699 1.36689385282807 1.26968144089915 1.17246902897023 1.10873777931556 1.14545001648366 1.18216225365177 1.21887449081987 1.25067718955688 1.2775703498628 1.30446351016872 1.33135667047463 1.29813754116185 1.24488098197617 1.19162442279048 1.1383678636048 1.08715464896522 1.03594143432565 0.984728219686076 0.937584411702119 0.902648823685013 0.867713235667907 0.832777647650801 0.832205897080712 0.865997983957641 0.89979007083457 0.933582157711498 0.93451249867212 0.924488924327306 0.914465349982493 0.904441775637679 0.899444878916256 0.894447982194833 0.889451085473411 0.882034067180939 0.86735668417532 0.852679301169701 0.838001918164082 0.838004432735033 0.852686844882555 0.867369257030077 0.882051669177599 0.861362847033888 0.828883613459766 0.796404379885644 0.763925146311522 0.757656446658075 0.751387747004628 0.745119047351182 0.73820434184745 0.729351618792862 0.720498895738274 0.711646172683686
2.08860317710787 1.80925932247192 1.52991546783596 1.25057161320001 1.29894811310805 1.45656473119743 1.61418134928681 1.77179796737619 1.51570536545478 1.25961276353337 1.00352016161196 0.835464941337705 0.931521866004914 1.02757879067212 1.12363571533933 1.22534473543055 1.33270585094579 1.44006696646102 1.54742808197625 1.54482025187463 1.50555610656738 1.46629196126014 1.4270278159529 1.33857449283823 1.25012116972357 1.16166784660891 1.07043234456796 0.970850305748172 0.871268266928382 0.771686228108592 0.743076236103661 0.785438290913589 0.827800345723517 0.870162400533445 0.898299338878132 0.921694571734406 0.94508980459068 0.968485037446953 0.972770075895824 0.977055114344694 0.981340152793564 0.977757234941237 0.950570448185317 0.923383661429398 0.896196874673478 0.887300699832849 0.89669513690751 0.906089573982172 0.915484011056833 0.902058685314842 0.881026771967299 0.859994858619757 0.838962945272215 0.827092053950764 0.815221162629314 0.803350271307863 0.790579986060038 0.775111519033089 0.75964305200614 0.744174584979191
2.09028118383139 1.91698037367314 1.74367956351489 1.57037875335664 1.63269010442309 1.77353884256445 1.91438758070581 2.05523631884716 1.76742914342321 1.47962196799926 1.19181479257531 1.00256544817239 1.10898959683254 1.2154137454927 1.32183789415285 1.40730183036067 1.47180555411614 1.53630927787162 1.6008130016271 1.58473660144955 1.54180015996099 1.49886371847242 1.45592727698386 1.36082492535934 1.26572257373482 1.1706202221103 1.08166548411828 1.01115358702373 0.94064168992918 0.870129792834632 0.85738752305042 0.902414880576544 0.947442238102667 0.992469595628791 1.01056239672471 1.01967701234389 1.02879162796307 1.03790624358226 1.0185012241127 0.999096204643138 0.979691185173579 0.965171006857418 0.965305352001451 0.965439697145484 0.965574042289518 0.967706603812985 0.971837381715886 0.975968159618787 0.980098937521689 0.960037606651895 0.931912239524536 0.903786872397177 0.875661505269818 0.8515939473873 0.827526389504783 0.803458831622265 0.782582839485258 0.771281544584781 0.759980249684304 0.748678954783827
2.09195919055492 2.02470142487437 1.95744365919381 1.89018589351326 1.96643209573813 2.09051295393147 2.2145938121248 2.33867467031814 2.01915292139165 1.69963117246516 1.38010942353867 1.16966595500708 1.28645732766017 1.40324870031327 1.52004007296637 1.58925892529078 1.6109052572865 1.63255158928223 1.65419792127796 1.62465295102447 1.57804421335459 1.5314354756847 1.48482673801482 1.38307535788044 1.28132397774607 1.1795725976117 1.09289862366859 1.05145686829928 1.01001511292998 0.968573357560672 0.971698809997179 1.0193914702395 1.06708413048182 1.11477679072414 1.12282545457128 1.11765945295338 1.11249345133547 1.10732744971756 1.06423237232957 1.02113729494158 0.978042217553593 0.952584778773598 0.980040255817585 1.00749573286157 1.03495120990556 1.04811250779312 1.04697962652426 1.0458467452554 1.04471386398654 1.01801652798895 0.982797707081772 0.947578886174597 0.912360065267421 0.876095840823837 0.839831616380252 0.803567391936667 0.774585692910478 0.767451570136473 0.760317447362468 0.753183324588463
2.09279819391668 2.07856195047498 2.06432570703328 2.05008946359158 2.13330309139565 2.24900000961497 2.3646969278343 2.48039384605363 2.21349908737466 1.94660432869568 1.67970957001671 1.5008435617201 1.58606380457059 1.67128404742107 1.75650429027155 1.79395194724202 1.78362701833248 1.77330208942294 1.7629771605134 1.72649475932121 1.68129320070148 1.63609164208174 1.590890083462 1.44200610928237 1.29312213510275 1.14423816092312 1.03546436782926 1.0470211179927 1.05857786815614 1.07013461831957 1.09528514742851 1.13402945548296 1.17277376353741 1.21151807159185 1.20648917171638 1.18686920253094 1.1672492333455 1.14762926416006 1.10302442999091 1.05841959582176 1.01381476165261 0.987126456107944 1.01418773643672 1.04124901676551 1.06831029709429 1.09127454715781 1.11014176695608 1.12900898675434 1.14787620655261 1.12244835693855 1.08225548418704 1.04206261143554 1.00186973868404 0.939306446467526 0.876743154251017 0.814179862034507 0.766022037598304 0.761080616503023 0.756139195407741 0.751197774312459
2.09279819391668 2.07856195047498 2.06432570703328 2.05008946359158 2.13330309139565 2.24900000961497 2.3646969278343 2.48039384605363 2.35046764137223 2.22054143669084 2.09061523200944 1.99609826831147 2.00780902756378 2.01951978681609 2.0312305460684 2.0213808962144 1.98997083725408 1.95856077829376 1.92715071933344 1.89026202633977 1.85154712200165 1.81283221766353 1.77411731332541 1.53761717956513 1.30111704580486 1.06461691204458 0.909362716600299 0.997846336103976 1.08632995560765 1.17481357511133 1.22814653534442 1.24632883630693 1.26451113726944 1.28269343823195 1.26155354816001 1.22730626107659 1.19305897399317 1.15881168690976 1.13487739709672 1.11094310728367 1.08700881747063 1.06879603886046 1.06774779385887 1.06669954885729 1.0656513038557 1.09719272190705 1.16132380301133 1.22545488411561 1.28958596521989 1.2733330935007 1.23028557084035 1.18723804818001 1.14419052551966 1.04122576431837 0.938261003117077 0.835296241915785 0.756891873548739 0.752168683684431 0.747445493820123 0.742722303955816
-9999 -9999 -9999 -9999 -9999 -9999 -9999 -9999 -9999 2.5068026559893 2.5068026559893 2.49135297490284 2.42955425055698 2.36775552621111 2.30595680186525 2.24880984518677 2.19631465617567 2.14381946716458 2.09132427815348 2.05402929335833 2.02180104330182 1.98957279324532 1.95734454318881 1.63322824984789 1.30911195650697 0.984995663166046 0.783261065371335 0.948671554215252 1.11408204305917 1.27949253190309 1.36100792326033 1.3586282171309 1.35624851100147 1.35386880487204 1.31661792460363 1.26774331962224 1.21886871464085 1.16999410965946 1.16673036420252 1.16346661874559 1.16020287328865 1.15046562161297 1.12130785128102 1.09215008094907 1.06299231061712 1.10311089665629 1.21250583906658 1.32190078147687 1.43129572388716 1.42421783006284 1.37831565749366 1.33241348492447 1.28651131235529 1.14314508216921 0.999778851983137 0.856412621797062 0.747761709499173 0.743256750865839 0.738751792232506 0.734246833599173
-9999 -9999 -9999 -9999 -9999 -9999 -9999 -9999 -9999 2.5068026559893 2.5068026559893 2.45468470291235 2.24621289060451 2.03774107829668 1.82926926598884 1.78965272451751 1.91889145388268 2.04813018324785 2.17736891261302 2.23998171463609 2.28038587421179 2.32079003378749 2.36119419336319 1.96805015299469 1.57490611262619 1.1817620722577 0.917029999662191 1.03753383038566 1.15803766110912 1.27854149183258 1.32523542735726 1.29811946768314 1.27100350800902 1.2438875483349 1.22967838158365 1.21977147914004 1.20986457669642 1.1999576742528 1.20817833475303 1.21639899525326 1.22461965575349 1.22253044857644 1.18951163836755 1.15649282815866 1.12347401794977 1.14584198780358 1.22359673772007 1.30135148763657 1.37910623755306 1.36566508363467 1.32182529510465 1.27798550657462 1.2341457180446 1.14499948814046 1.05585325823631 0.966707028332166 0.893035426153801 0.865787707152776 0.838539988151751 0.811292269150726
-9999 -9999 -9999 -9999 -9999 -9999 -9999 -9999 -9999 -9999 -9999 2.41801643092185 2.06287153065205 1.70772663038224 1.35258173011243 1.33049560384825 1.64146825158969 1.95244089933112 2.26341354707256 2.42593413591385 2.53897070512176 2.65200727432966 2.76504384353757 2.3028720561415 1.84070026874542 1.37852848134935 1.05079893395305 1.12639610655606 1.20199327915907 1.27759045176208 1.28946293145418 1.23761071823537 1.18575850501657 1.13390629179776 1.14273883856367 1.17179963865783 1.20086043875199 1.22992123884615 1.24962630530354 1.26933137176093 1.28903643821832 1.2945952755399 1.25771542545408 1.22083557536826 1.18395572528243 1.18857307895087 1.23468763637356 1.28080219379626 1.32691675121896 1.30711233720649 1.26533493271563 1.22355752822477 1.18178012373392 1.1468538941117 1.11192766448949 1.07700143486727 1.03830914280843 0.988318663439713 0.938328184070997 0.88833770470228
-9999 -9999 -9999 -9999 -9999 -9999 -9999 -9999 -9999 -9999 -9999 -9999 -9999 0.899997240048833 0.899997240048833 1.09524897008669 1.48575243016239 1.8762558902381 2.26675935031381 2.45318867149763 2.57159327971749 2.68999788793735 2.80840249615721 2.34803550853394 1.88766852091067 1.42730153328739 1.09327288193163 1.13825923937839 1.18324559682515 1.22823195427191 1.23375706176739 1.19982091931161 1.16588477685582 1.13194863440003 1.14390356896911 1.17115552921314 1.19840748945717 1.2256594497012 1.24178189376835 1.2579043378355 1.27402678190265 1.27688710845541 1.23996108246502 1.20303505647462 1.16610903048422 1.16298403695691 1.19366007589269 1.22433611482847 1.25501215376426 1.24184338550549 1.21405968151521 1.18627597752493 1.15849227353465 1.15590780589264 1.15332333825063 1.15073887060862 1.13409205153584 1.07525817817077 1.0164243048057 0.957590431440622
-9999 -9999 -9999 -9999 -9999 -9999 -9999 -9999 -9999 -9999 -9999 -9999 -9999 -9999 -9999 1.08391282323282 1.4517439896008 1.81957515596878 2.18740632233676 2.32174532138743 2.37825359799899 2.43476187461056 2.49127015122212 2.10354051017202 1.71581086912192 1.32808122807182 1.04445184359793 1.07312322885264 1.10179461410735 1.13046599936206 1.15811781829689 1.18475007091183 1.21138232352678 1.23801457614172 1.23317257279996 1.21783915080596 1.20250572881196 1.18717230681796 1.18464510014746 1.18211789347697 1.17959068680648 1.16940594732296 1.13624860940035 1.10309127147775 1.06993393355515 1.06907486182172 1.10051405627746 1.1319532507332 1.16339244518895 1.16985822853167 1.16799954150338 1.16614085447509 1.1642821674468 1.17216122348327 1.18004027951974 1.18791933555622 1.18038415233605 1.12660625134595 1.07282835035585 1.01905044936575
